E:\test_idea\redcell-yolo2-keras-master\RBC_datasets\JPEGImages//BloodImage_00000.jpg 216,359,316,464,0 77,326,177,431,0 540,353,640,458,0 405,350,513,457,0 160,72,245,177,0 5,335,90,440,0 540,39,640,149,0 383,1,504,113,0 9,82,108,168,0 68,212,165,346,0 171,181,264,282,0
E:\test_idea\redcell-yolo2-keras-master\RBC_datasets\JPEGImages//BloodImage_00001.jpg 284,342,365,449,0 334,366,448,454,0 412,286,542,386,0 435,1,569,70,0 51,178,150,295,0 140,1,230,110,0 458,131,550,220,0 269,168,346,267,0 166,161,248,261,0 1,94,82,194,0 12,30,105,134,0
E:\test_idea\redcell-yolo2-keras-master\RBC_datasets\JPEGImages//BloodImage_00002.jpg 133,355,231,444,0 257,404,375,480,0 373,99,515,207,0 384,165,502,257,0 112,1,206,124,0 102,127,223,226,0 365,261,454,375,0 494,231,588,345,0 538,101,629,227,0 1,79,102,206,0 11,218,111,342,0 244,146,388,242,0 579,292,640,400,0 481,374,589,477,0
E:\test_idea\redcell-yolo2-keras-master\RBC_datasets\JPEGImages//BloodImage_00003.jpg 367,359,483,450,0 510,208,621,299,0 319,279,417,374,0 315,95,426,197,0 377,145,475,240,0 521,16,609,141,0 411,1,516,86,0 61,70,149,217,0 220,255,332,376,0 51,201,163,322,0 514,385,601,480,0
E:\test_idea\redcell-yolo2-keras-master\RBC_datasets\JPEGImages//BloodImage_00004.jpg 482,361,593,468,0 425,223,536,330,0 351,359,462,466,0 406,63,529,186,0 1,251,89,373,0 2,77,94,196,0 514,111,603,203,0 80,275,165,373,0 32,1,146,68,0 282,40,386,135,0
E:\test_idea\redcell-yolo2-keras-master\RBC_datasets\JPEGImages//BloodImage_00005.jpg 423,41,509,168,0 529,74,640,210,0 434,349,573,466,0 473,208,578,320,0 373,184,478,296,0 437,170,517,266,0 282,118,382,216,0 209,170,322,270,0 31,235,128,329,0 145,305,237,414,0 114,391,217,480,0 52,110,158,203,0 330,1,436,93,0 171,1,261,77,0 1,69,93,168,0
E:\test_idea\redcell-yolo2-keras-master\RBC_datasets\JPEGImages//BloodImage_00006.jpg 361,316,476,458,0 221,299,372,439,0 84,351,198,456,0 501,1,615,109,0 479,208,593,317,0 18,53,132,163,0 547,375,640,480,0 371,131,485,240,0 286,104,398,189,0
E:\test_idea\redcell-yolo2-keras-master\RBC_datasets\JPEGImages//BloodImage_00007.jpg 24,292,139,397,0 67,375,182,480,0 490,297,605,402,0 525,371,640,476,0 153,270,276,356,0 230,322,305,407,0 289,335,364,420,0 506,13,638,144,0 285,1,400,89,0 33,137,148,226,0 494,170,625,304,0
E:\test_idea\redcell-yolo2-keras-master\RBC_datasets\JPEGImages//BloodImage_00008.jpg 405,227,512,330,0 516,109,636,217,0 331,44,451,152,0 224,23,339,116,0 377,317,480,412,0 1,168,95,293,0 450,1,571,85,0 292,304,383,412,0 527,251,618,359,0 139,66,246,188,0 117,1,222,83,0
E:\test_idea\redcell-yolo2-keras-master\RBC_datasets\JPEGImages//BloodImage_00009.jpg 449,322,567,425,0 452,97,570,200,0 323,91,441,194,0 4,90,123,199,0 168,19,287,144,0 237,289,320,439,0 356,324,447,444,0 456,1,547,104,0 1,1,114,95,0 126,395,226,479,0 363,195,463,279,0 297,213,397,297,0 295,1,386,67,0
E:\test_idea\redcell-yolo2-keras-master\RBC_datasets\JPEGImages//BloodImage_00010.jpg 274,173,387,259,0 408,80,532,179,0 311,75,412,171,0 71,141,169,250,0 169,217,267,326,0 189,244,287,353,0 561,164,640,268,0 562,242,640,338,0 539,301,640,397,0 539,338,640,434,0 11,1,112,80,0 26,83,120,177,0 324,1,430,78,0 443,1,549,78,0
E:\test_idea\redcell-yolo2-keras-master\RBC_datasets\JPEGImages//BloodImage_00011.jpg 221,14,320,113,0 337,51,436,150,0 319,79,425,180,0 358,192,465,277,0 24,295,120,410,0 459,115,551,222,0 117,1,213,115,0 396,283,497,395,0 576,305,640,396,0 234,336,327,426,0 87,379,220,474,0 455,238,581,340,0
E:\test_idea\redcell-yolo2-keras-master\RBC_datasets\JPEGImages//BloodImage_00012.jpg 356,148,470,241,0 377,216,491,309,0 394,313,508,406,0 318,376,432,469,0 127,392,249,480,0 15,336,129,429,0 168,308,282,401,0 571,361,640,453,0 571,86,640,178,0 493,73,608,208,0 563,234,640,336,0 478,270,570,352,0
E:\test_idea\redcell-yolo2-keras-master\RBC_datasets\JPEGImages//BloodImage_00013.jpg 260,288,366,391,0 415,295,517,422,0 366,120,483,226,0 98,97,204,189,0 494,236,602,338,0 320,1,424,89,0 192,10,297,101,0 537,62,626,149,0 475,77,564,165,0 199,365,322,468,0
E:\test_idea\redcell-yolo2-keras-master\RBC_datasets\JPEGImages//BloodImage_00014.jpg 77,16,167,99,0 53,70,143,153,0 1,145,73,228,0 159,141,252,249,0 335,1,407,94,0 316,79,421,171,0 440,1,545,92,0 80,333,202,439,0 217,400,331,480,0 359,311,457,391,0 389,218,490,310,0 504,336,605,428,0 545,232,608,324,0 228,83,342,189,0
E:\test_idea\redcell-yolo2-keras-master\RBC_datasets\JPEGImages//BloodImage_00015.jpg 421,359,521,457,0 269,404,366,480,0 446,88,546,158,0 430,131,530,204,0 345,142,431,221,0 352,181,470,310,0 336,18,450,114,0 539,43,640,140,0 1,276,98,377,0 1,398,120,478,0 69,62,167,163,0 170,230,268,331,0 566,144,640,249,0 435,1,533,69,0
E:\test_idea\redcell-yolo2-keras-master\RBC_datasets\JPEGImages//BloodImage_00016.jpg 327,124,420,229,0 134,331,248,440,0 237,333,351,442,0 348,190,462,299,0 450,86,539,174,0 574,1,640,78,0 536,80,631,176,0 576,295,640,402,0 433,336,539,436,0 67,162,173,262,0
E:\test_idea\redcell-yolo2-keras-master\RBC_datasets\JPEGImages//BloodImage_00017.jpg 406,79,500,184,0 443,298,553,403,0 430,353,540,458,0 281,42,391,147,0 248,67,326,157,0 407,179,509,265,0 484,174,586,260,0 1,223,103,309,0 154,5,256,84,0 549,1,639,69,0 533,104,636,209,0 129,387,231,473,0 234,381,335,471,0
E:\test_idea\redcell-yolo2-keras-master\RBC_datasets\JPEGImages//BloodImage_00018.jpg 407,402,513,480,0 288,424,388,480,0 177,99,297,195,0 122,33,242,129,0 456,107,576,203,0 455,207,551,287,0 569,81,640,180,0 537,274,640,368,0 408,309,511,403,0 298,161,401,255,0 1,210,89,311,0 69,332,181,446,0 174,190,286,304,0
E:\test_idea\redcell-yolo2-keras-master\RBC_datasets\JPEGImages//BloodImage_00019.jpg 416,332,506,421,0 240,402,330,480,0 35,172,126,276,0 395,147,485,236,0 301,143,436,209,0 105,1,234,95,0 525,338,620,448,0 537,52,615,142,0 306,208,435,313,0 461,215,546,336,0 189,288,279,377,0 40,301,163,385,0
E:\test_idea\redcell-yolo2-keras-master\RBC_datasets\JPEGImages//BloodImage_00020.jpg 405,27,502,125,0 466,205,572,317,0 505,246,621,333,0 454,366,592,480,0 144,371,247,465,0 40,286,143,380,0 292,246,395,340,0 229,109,332,203,0 151,254,240,340,0 74,177,186,280,0 516,47,613,145,0 67,392,156,478,0 41,9,147,84,0 1,43,103,138,0
E:\test_idea\redcell-yolo2-keras-master\RBC_datasets\JPEGImages//BloodImage_00021.jpg 100,339,209,458,0 369,140,478,259,0 529,111,618,207,0 392,4,481,100,0 285,168,394,266,0 16,273,125,371,0 1,106,97,201,0 76,100,174,195,0 209,1,318,117,0 160,111,269,209,0 367,138,476,257,0 144,244,275,323,0 464,373,575,467,0
E:\test_idea\redcell-yolo2-keras-master\RBC_datasets\JPEGImages//BloodImage_00022.jpg 374,247,483,348,0 434,378,543,479,0 389,378,498,479,0 274,395,386,480,0 294,146,396,231,0 440,65,576,171,0 475,133,576,263,0 40,154,138,239,0 101,347,209,451,0 284,15,392,119,0 17,47,109,147,0 572,377,640,476,0 1,322,95,421,0
E:\test_idea\redcell-yolo2-keras-master\RBC_datasets\JPEGImages//BloodImage_00023.jpg 311,360,415,473,0 281,115,387,242,0 181,282,287,374,0 310,248,412,366,0 520,145,622,263,0 401,81,503,199,0 543,350,640,441,0 28,156,109,248,0 46,1,137,76,0 488,1,597,68,0 49,406,175,480,0 368,1,454,113,0 1,281,92,388,0
E:\test_idea\redcell-yolo2-keras-master\RBC_datasets\JPEGImages//BloodImage_00024.jpg 90,91,190,193,0 271,121,371,223,0 499,1,605,89,0 438,92,525,213,0 368,260,468,362,0 403,341,509,451,0 197,182,309,314,0 109,198,197,295,0 24,311,137,424,0 567,251,640,381,0 387,119,487,221,0 487,322,592,423,0
E:\test_idea\redcell-yolo2-keras-master\RBC_datasets\JPEGImages//BloodImage_00026.jpg 181,4,279,110,0 115,155,213,261,0 232,289,330,395,0 81,357,196,460,0 6,193,115,279,0 458,111,570,215,0 505,195,600,284,0 294,194,416,321,0 327,354,429,451,0 423,281,525,378,0 296,82,400,197,0 102,69,208,161,0 1,128,106,220,0 181,359,273,454,0
E:\test_idea\redcell-yolo2-keras-master\RBC_datasets\JPEGImages//BloodImage_00028.jpg 224,166,320,276,0 206,300,302,410,0 1,283,115,403,0 145,126,242,233,0 333,282,430,389,0 1,181,88,276,0 134,1,216,68,0 556,179,640,296,0 461,260,558,367,0 555,1,640,99,0 388,166,491,265,0 537,374,640,473,0 400,73,494,176,0
E:\test_idea\redcell-yolo2-keras-master\RBC_datasets\JPEGImages//BloodImage_00029.jpg 265,368,370,467,0 392,353,509,466,0 357,149,462,229,0 426,131,539,235,0 141,325,254,429,0 239,192,344,291,0 241,91,346,190,0 418,1,523,99,0 80,23,208,148,0 47,86,127,173,0 13,362,109,456,0 1,305,74,402,0 529,58,637,145,0
E:\test_idea\redcell-yolo2-keras-master\RBC_datasets\JPEGImages//BloodImage_00030.jpg 164,250,226,364,0 295,277,388,367,0 453,190,546,280,0 302,1,421,72,0 145,127,238,217,0 194,130,287,220,0 191,58,273,141,0 324,406,450,480,0 462,390,555,480,0 562,194,640,286,0 526,10,640,143,0 508,105,598,190,0 1,339,90,424,0
E:\test_idea\redcell-yolo2-keras-master\RBC_datasets\JPEGImages//BloodImage_00031.jpg 399,234,511,320,0 528,399,621,480,0 533,63,640,180,0 336,158,449,245,0 146,383,253,480,0 44,357,151,454,0 37,199,143,341,0 51,66,147,155,0 512,187,608,276,0 464,1,599,74,0 33,1,146,87,0 249,266,353,373,0
E:\test_idea\redcell-yolo2-keras-master\RBC_datasets\JPEGImages//BloodImage_00032.jpg 227,276,336,382,0 285,69,394,175,0 331,361,456,471,0 555,253,640,372,0 447,291,540,392,0 547,41,640,168,0 519,135,612,236,0 346,188,423,278,0 362,260,439,350,0 185,9,264,82,0 56,17,152,90,0 90,1,183,55,0 91,335,213,435,0 461,411,585,480,0 411,1,511,80,0 52,237,170,345,0
E:\test_idea\redcell-yolo2-keras-master\RBC_datasets\JPEGImages//BloodImage_00033.jpg 94,231,185,326,0 453,226,555,321,0 297,241,398,368,0 181,375,302,480,0 88,19,167,126,0 357,80,463,189,0 549,36,640,148,0 225,280,331,389,0 439,356,536,480,0 361,356,458,480,0 303,1,405,86,0
E:\test_idea\redcell-yolo2-keras-master\RBC_datasets\JPEGImages//BloodImage_00034.jpg 147,122,254,263,0 95,308,197,407,0 211,286,325,387,0 1,354,110,471,0 253,108,363,225,0 337,81,420,199,0 384,53,467,171,0
E:\test_idea\redcell-yolo2-keras-master\RBC_datasets\JPEGImages//BloodImage_00035.jpg 4,53,102,148,0 161,161,265,279,0 296,372,400,480,0 392,311,484,414,0 518,87,610,190,0 11,342,103,445,0 47,269,134,362,0 45,203,125,274,0 483,291,596,399,0 569,390,640,480,0 399,90,528,201,0 74,155,154,226,0 289,76,368,198,0 83,1,197,77,0 386,1,487,78,0
E:\test_idea\redcell-yolo2-keras-master\RBC_datasets\JPEGImages//BloodImage_00036.jpg 389,174,496,278,0 483,105,598,208,0 210,100,325,203,0 1,261,88,361,0 262,371,344,467,0 484,1,573,82,0 304,23,420,140,0 1,128,105,237,0 35,35,130,140,0 64,392,151,480,0 547,333,640,420,0 404,76,497,171,0
E:\test_idea\redcell-yolo2-keras-master\RBC_datasets\JPEGImages//BloodImage_00037.jpg 251,166,327,259,0 160,368,236,461,0 95,392,187,472,0 11,320,102,417,0 12,79,103,176,0 20,142,123,237,0 46,179,136,267,0 32,1,145,78,0 185,109,283,228,0 280,87,372,178,0 513,35,605,126,0 527,134,634,247,0 479,221,562,318,0 544,334,640,440,0 355,161,451,267,0 380,21,476,127,0 275,1,369,90,0
E:\test_idea\redcell-yolo2-keras-master\RBC_datasets\JPEGImages//BloodImage_00038.jpg 186,104,286,230,0 540,135,636,247,0 482,24,596,131,0 479,225,565,315,0 271,192,357,282,0 283,90,380,181,0 17,82,114,173,0 21,139,123,244,0 11,318,113,423,0 548,334,640,439,0 38,1,147,85,0 382,26,479,117,0 160,258,265,338,0
E:\test_idea\redcell-yolo2-keras-master\RBC_datasets\JPEGImages//BloodImage_00039.jpg 14,88,129,175,0 188,346,303,433,0 102,367,218,461,0 252,86,369,195,0 126,6,243,115,0 28,163,140,262,0 472,9,584,108,0 394,168,521,303,0 310,317,402,412,0 424,317,516,412,0 374,2,467,97,0 279,1,400,71,0 5,368,111,458,0
E:\test_idea\redcell-yolo2-keras-master\RBC_datasets\JPEGImages//BloodImage_00040.jpg 492,109,637,195,0 109,121,210,212,0 77,209,204,322,0 139,301,245,401,0 98,366,204,466,0 1,328,86,424,0 538,215,640,317,0 550,1,640,77,0 456,325,582,426,0 326,316,447,412,0 282,386,382,480,0 65,1,163,70,0 31,108,118,207,0
E:\test_idea\redcell-yolo2-keras-master\RBC_datasets\JPEGImages//BloodImage_00041.jpg 228,17,373,116,0 453,360,565,458,0 484,95,597,210,0 446,176,552,269,0 324,129,430,222,0 427,14,549,117,0 1,21,80,122,0 79,1,192,100,0 48,138,161,238,0 46,406,160,480,0 1,377,92,453,0 194,140,286,216,0 537,325,629,401,0
E:\test_idea\redcell-yolo2-keras-master\RBC_datasets\JPEGImages//BloodImage_00043.jpg 388,288,493,384,0 130,234,235,330,0 302,52,429,151,0 356,177,456,277,0 212,380,312,480,0 5,332,146,433,0 574,60,640,181,0 423,33,523,133,0 421,97,521,197,0 540,190,640,290,0 132,351,233,451,0 1,6,101,106,0 55,215,134,307,0
E:\test_idea\redcell-yolo2-keras-master\RBC_datasets\JPEGImages//BloodImage_00044.jpg 411,58,515,155,0 306,31,410,128,0 50,146,154,243,0 85,370,207,477,0 74,292,157,386,0 407,315,490,409,0 478,314,568,404,0 512,173,604,280,0 515,96,618,191,0 193,145,296,240,0 1,313,74,434,0 575,272,640,380,0
E:\test_idea\redcell-yolo2-keras-master\RBC_datasets\JPEGImages//BloodImage_00045.jpg 331,239,422,341,0 240,363,347,459,0 180,280,287,376,0 79,345,186,441,0 1,358,99,451,0 355,409,448,480,0 1,111,88,204,0 343,5,430,98,0 569,134,640,222,0 495,296,589,410,0 434,198,564,295,0 168,46,259,148,0 73,67,202,153,0 396,85,530,214,0
E:\test_idea\redcell-yolo2-keras-master\RBC_datasets\JPEGImages//BloodImage_00046.jpg 239,138,350,230,0 348,148,476,273,0 514,85,606,176,0 241,38,333,129,0 68,319,160,410,0 164,387,256,478,0 327,290,419,381,0 275,389,367,480,0 225,287,317,388,0 543,243,635,344,0 118,33,210,124,0 1,1,104,90,0 1,87,90,219,0
E:\test_idea\redcell-yolo2-keras-master\RBC_datasets\JPEGImages//BloodImage_00047.jpg 39,103,159,231,0 203,1,311,94,0 15,1,123,94,0 412,382,520,476,0 378,271,486,365,0 133,331,242,425,0 554,1,640,96,0 477,41,560,129,0 393,179,496,273,0 113,20,225,116,0 262,374,370,468,0 299,65,387,136,0
E:\test_idea\redcell-yolo2-keras-master\RBC_datasets\JPEGImages//BloodImage_00048.jpg 156,278,288,390,0 83,152,195,254,0 1,18,112,120,0 56,1,166,63,0 397,23,509,125,0 402,264,514,366,0 186,378,299,480,0 382,353,494,455,0 546,1,640,91,0 36,257,149,359,0 90,332,192,430,0
E:\test_idea\redcell-yolo2-keras-master\RBC_datasets\JPEGImages//BloodImage_00049.jpg 180,109,277,204,0 65,150,154,255,0 488,90,595,198,0 415,262,511,352,0 561,349,640,436,0 370,174,467,264,0 175,1,256,71,0 364,325,494,426,0 1,126,83,252,0 502,1,596,97,0 288,354,384,444,0 285,139,381,229,0 250,8,367,110,0 377,42,492,158,0
E:\test_idea\redcell-yolo2-keras-master\RBC_datasets\JPEGImages//BloodImage_00050.jpg 111,149,205,254,0 484,80,593,186,0 365,109,474,215,0 421,301,528,418,0 250,313,348,419,0 158,317,256,423,0 321,39,424,146,0 29,64,141,169,0 323,248,449,353,0 514,368,612,474,0
E:\test_idea\redcell-yolo2-keras-master\RBC_datasets\JPEGImages//BloodImage_00052.jpg 214,81,333,183,0 332,56,423,151,0 346,157,437,252,0 415,241,506,336,0 175,121,255,201,0 448,392,547,480,0 257,388,372,480,0 6,388,121,480,0 494,51,609,150,0 375,1,508,80,0 549,340,640,442,0 571,201,640,333,0 39,84,153,207,0 22,278,136,401,0
E:\test_idea\redcell-yolo2-keras-master\RBC_datasets\JPEGImages//BloodImage_00053.jpg 259,317,370,429,0 95,343,234,454,0 259,57,373,150,0 559,1,640,87,0 433,1,541,115,0 553,115,640,250,0 446,269,533,404,0 392,125,479,260,0 1,72,119,200,0 529,278,640,390,0
E:\test_idea\redcell-yolo2-keras-master\RBC_datasets\JPEGImages//BloodImage_00054.jpg 451,19,560,108,0 408,118,514,211,0 432,415,573,480,0 269,323,373,443,0 288,138,399,232,0 533,205,637,325,0 477,269,600,367,0 135,186,219,265,0 5,218,114,300,0 42,340,161,453,0
E:\test_idea\redcell-yolo2-keras-master\RBC_datasets\JPEGImages//BloodImage_00055.jpg 330,15,439,100,0 236,20,337,131,0 319,231,405,327,0 487,143,594,265,0 280,407,366,480,0 211,407,297,480,0 555,304,640,415,0 422,283,540,388,0 77,1,186,85,0 36,12,126,105,0
E:\test_idea\redcell-yolo2-keras-master\RBC_datasets\JPEGImages//BloodImage_00056.jpg 430,111,539,205,0 329,121,430,212,0 393,366,494,457,0 37,12,158,137,0 262,1,409,111,0 171,204,282,297,0 225,312,304,395,0 317,350,416,429,0 507,323,626,436,0 237,99,346,205,0 420,18,521,129,0
E:\test_idea\redcell-yolo2-keras-master\RBC_datasets\JPEGImages//BloodImage_00057.jpg 488,252,596,357,0 393,127,487,214,0 460,64,565,172,0 5,319,110,427,0 221,315,322,406,0 267,17,364,117,0
E:\test_idea\redcell-yolo2-keras-master\RBC_datasets\JPEGImages//BloodImage_00058.jpg 201,223,314,322,0 1,252,89,357,0 203,336,292,441,0 507,293,624,422,0 464,76,577,175,0 6,33,141,169,0 106,229,188,325,0 196,146,289,221,0
E:\test_idea\redcell-yolo2-keras-master\RBC_datasets\JPEGImages//BloodImage_00059.jpg 405,191,525,282,0 282,269,402,360,0 116,366,236,457,0 27,281,147,372,0 47,95,167,186,0 160,36,256,122,0 409,49,521,141,0 228,312,340,420,0 109,178,221,286,0 293,55,392,160,0 49,1,145,82,0 512,416,619,480,0
E:\test_idea\redcell-yolo2-keras-master\RBC_datasets\JPEGImages//BloodImage_00062.jpg 140,161,264,253,0 360,283,451,374,0 429,302,559,418,0 521,231,629,328,0 392,153,528,261,0 408,56,502,154,0 372,1,466,98,0 546,48,640,146,0 173,1,286,93,0 61,1,160,72,0 1,25,66,121,0
E:\test_idea\redcell-yolo2-keras-master\RBC_datasets\JPEGImages//BloodImage_00063.jpg 21,187,118,288,0 194,91,291,192,0 543,230,640,331,0 431,134,548,239,0 210,203,303,301,0 118,1,206,81,0 169,371,257,452,0 38,78,163,177,0 383,61,483,156,0
E:\test_idea\redcell-yolo2-keras-master\RBC_datasets\JPEGImages//BloodImage_00064.jpg 474,202,609,309,0 356,248,441,333,0 393,343,494,429,0 232,150,334,240,0 416,1,518,90,0 204,45,306,135,0 218,316,320,406,0 507,308,612,399,0 501,406,603,480,0 1,228,85,308,0
E:\test_idea\redcell-yolo2-keras-master\RBC_datasets\JPEGImages//BloodImage_00065.jpg 166,180,266,287,0 33,127,133,234,0 557,150,640,272,0 244,17,337,107,0 17,1,111,68,0
E:\test_idea\redcell-yolo2-keras-master\RBC_datasets\JPEGImages//BloodImage_00066.jpg 91,3,194,109,0 92,150,188,259,0 469,54,581,150,0 377,316,489,412,0 98,367,185,455,0 16,34,103,122,0 289,311,376,399,0 522,407,627,478,0
E:\test_idea\redcell-yolo2-keras-master\RBC_datasets\JPEGImages//BloodImage_00067.jpg 20,1,130,107,0 140,69,250,176,0 1,329,99,430,0 255,188,357,292,0 367,74,469,178,0 537,131,640,235,0 495,229,598,333,0 412,230,500,314,0 440,415,528,480,0 12,102,114,206,0 81,232,176,353,0
E:\test_idea\redcell-yolo2-keras-master\RBC_datasets\JPEGImages//BloodImage_00068.jpg 235,23,349,127,0 388,147,488,243,0 482,218,598,338,0 359,259,475,379,0 34,172,148,243,0 283,365,374,450,0 291,299,382,384,0 29,394,120,479,0 531,339,622,424,0
E:\test_idea\redcell-yolo2-keras-master\RBC_datasets\JPEGImages//BloodImage_00069.jpg 17,235,114,335,0 210,272,307,372,0 325,134,445,238,0 270,57,380,158,0 160,1,283,86,0 190,153,298,253,0 428,379,536,480,0 477,196,585,297,0 487,16,575,98,0 525,122,613,204,0 1,321,115,439,0 111,308,225,406,0
E:\test_idea\redcell-yolo2-keras-master\RBC_datasets\JPEGImages//BloodImage_00070.jpg 119,394,233,479,0 187,1,301,85,0 501,230,607,326,0 520,384,626,480,0 299,175,414,281,0 96,21,211,127,0 45,119,160,225,0 47,263,155,386,0 534,295,640,390,0 429,140,535,235,0
E:\test_idea\redcell-yolo2-keras-master\RBC_datasets\JPEGImages//BloodImage_00071.jpg 300,365,427,474,0 487,17,614,126,0 160,200,265,300,0 69,8,193,109,0 181,91,286,191,0 82,280,191,394,0 509,252,618,366,0 83,128,207,253,0
E:\test_idea\redcell-yolo2-keras-master\RBC_datasets\JPEGImages//BloodImage_00072.jpg 204,56,354,155,0 116,223,214,317,0 517,239,610,365,0
E:\test_idea\redcell-yolo2-keras-master\RBC_datasets\JPEGImages//BloodImage_00073.jpg 253,385,391,480,0 410,121,529,215,0 553,166,640,260,0 295,189,387,285,0 169,386,256,480,0 222,288,306,373,0 24,1,143,91,0 111,237,206,323,0 545,261,640,347,0 562,351,640,437,0 365,201,444,276,0
E:\test_idea\redcell-yolo2-keras-master\RBC_datasets\JPEGImages//BloodImage_00074.jpg 87,300,176,396,0 299,180,416,283,0 553,229,640,322,0 509,142,613,245,0 499,1,605,101,0 453,62,559,163,0 534,58,640,159,0 408,239,525,342,0 329,378,418,472,0 491,398,584,480,0 406,398,499,480,0 6,398,99,480,0 152,23,235,129,0
E:\test_idea\redcell-yolo2-keras-master\RBC_datasets\JPEGImages//BloodImage_00075.jpg 251,167,353,275,0 345,221,447,329,0 251,252,353,360,0 148,160,250,268,0 437,363,556,480,0 509,242,613,344,0 544,1,640,79,0 29,167,131,275,0 457,246,545,349,0 1,1,74,131,0
E:\test_idea\redcell-yolo2-keras-master\RBC_datasets\JPEGImages//BloodImage_00076.jpg 216,243,321,333,0 535,184,640,302,0 158,136,284,215,0 221,383,324,464,0 453,50,556,131,0 309,135,412,216,0 1,355,94,448,0 102,1,199,78,0 117,398,214,476,0 543,401,640,480,0 362,390,460,469,0
E:\test_idea\redcell-yolo2-keras-master\RBC_datasets\JPEGImages//BloodImage_00077.jpg 10,163,94,258,0 243,200,346,327,0 477,123,580,250,0 416,316,527,441,0 385,155,480,256,0 391,26,486,127,0 1,312,87,412,0 566,71,640,171,0
E:\test_idea\redcell-yolo2-keras-master\RBC_datasets\JPEGImages//BloodImage_00078.jpg 400,247,504,345,0 400,306,504,404,0 536,189,640,287,0 332,1,437,87,0 65,37,168,149,0 452,8,556,95,0 442,145,546,253,0 252,166,356,264,0 1,116,79,216,0 301,366,402,467,0 328,92,429,193,0
E:\test_idea\redcell-yolo2-keras-master\RBC_datasets\JPEGImages//BloodImage_00079.jpg 487,106,602,218,0 485,217,600,329,0 1,323,107,436,0 447,322,549,416,0 229,56,331,150,0 1,1,77,65,0 323,273,425,350,0 142,264,244,341,0 221,148,323,225,0 340,1,442,77,0 185,352,288,440,0 76,103,179,191,0 399,107,506,213,0 361,365,479,469,0 227,281,302,353,0
E:\test_idea\redcell-yolo2-keras-master\RBC_datasets\JPEGImages//BloodImage_00081.jpg 346,196,456,279,0 243,266,353,349,0 239,174,343,270,0 232,1,336,88,0 104,1,211,106,0 299,60,415,162,0 499,28,613,127,0 7,287,111,383,0 210,367,314,463,0 493,98,597,194,0 444,1,512,67,0 14,405,95,480,0 149,279,235,361,0 137,382,211,459,0
E:\test_idea\redcell-yolo2-keras-master\RBC_datasets\JPEGImages//BloodImage_00082.jpg 93,64,212,157,0 1,1,93,141,0 15,375,110,475,0 264,223,397,333,0 1,204,133,314,0 477,292,610,402,0 422,207,522,311,0 446,376,546,480,0 216,99,332,201,0 110,293,226,395,0
E:\test_idea\redcell-yolo2-keras-master\RBC_datasets\JPEGImages//BloodImage_00087.jpg 495,100,605,187,0 407,88,516,179,0 351,195,465,307,0 373,386,479,480,0 127,1,233,93,0 296,86,402,179,0 129,347,235,440,0
E:\test_idea\redcell-yolo2-keras-master\RBC_datasets\JPEGImages//BloodImage_00088.jpg 413,202,537,317,0 227,372,338,457,0 34,2,145,100,0 122,236,233,334,0 367,123,478,221,0 1,139,108,249,0 245,123,356,221,0 526,56,637,154,0 419,1,514,78,0 1,300,92,393,0
E:\test_idea\redcell-yolo2-keras-master\RBC_datasets\JPEGImages//BloodImage_00089.jpg 211,345,321,417,0 385,125,495,240,0 249,112,359,227,0 487,159,604,275,0 204,1,319,103,0 67,286,151,383,0 475,403,566,480,0 308,403,426,480,0 26,59,129,169,0 1,20,80,146,0
E:\test_idea\redcell-yolo2-keras-master\RBC_datasets\JPEGImages//BloodImage_00090.jpg 230,143,358,243,0 237,1,348,84,0 134,78,245,162,0 80,53,173,136,0 495,1,591,79,0 106,203,199,287,0 408,383,501,467,0 461,374,554,458,0 232,377,325,461,0 471,80,571,189,0 378,1,482,72,0 19,155,119,256,0
E:\test_idea\redcell-yolo2-keras-master\RBC_datasets\JPEGImages//BloodImage_00091.jpg 185,138,294,236,0 273,155,382,253,0 430,227,539,325,0 522,153,631,251,0 325,254,434,352,0 294,305,403,403,0 347,28,456,126,0 459,91,568,189,0 330,372,439,470,0
E:\test_idea\redcell-yolo2-keras-master\RBC_datasets\JPEGImages//BloodImage_00092.jpg 14,275,115,381,0 1,374,101,480,0 343,366,444,472,0 294,386,384,480,0 333,248,423,342,0 198,1,282,133,0 460,146,548,253,0 495,145,583,252,0 543,158,640,260,0 520,267,630,371,0 310,183,399,266,0 533,1,640,74,0
E:\test_idea\redcell-yolo2-keras-master\RBC_datasets\JPEGImages//BloodImage_00093.jpg 452,200,587,308,0 357,319,465,420,0 295,379,403,480,0 108,222,216,323,0 197,379,305,480,0 440,24,548,125,0 362,1,470,100,0 575,269,640,366,0 290,113,355,210,0 226,293,331,382,0 1,357,107,473,0
E:\test_idea\redcell-yolo2-keras-master\RBC_datasets\JPEGImages//BloodImage_00094.jpg 4,354,119,452,0 29,233,162,372,0 39,174,153,267,0 138,168,206,298,0 22,1,105,79,0 260,46,363,157,0 383,15,470,100,0 169,104,278,191,0 194,227,313,315,0 160,318,275,432,0 231,320,346,434,0 356,301,471,428,0 94,42,171,174,0 3,88,106,179,0 131,3,229,113,0 545,167,640,304,0 457,420,577,480,0
E:\test_idea\redcell-yolo2-keras-master\RBC_datasets\JPEGImages//BloodImage_00095.jpg 8,209,120,298,0 137,307,244,414,0 56,266,140,406,0 347,257,465,361,0 257,328,366,411,0 244,176,332,313,0 313,162,420,269,0 516,256,633,363,0 519,102,636,209,0 244,407,363,480,0 130,207,254,293,0 50,69,173,174,0 407,215,495,298,0 476,1,564,66,0 363,354,459,480,0
E:\test_idea\redcell-yolo2-keras-master\RBC_datasets\JPEGImages//BloodImage_00097.jpg 451,271,544,365,0 453,340,546,434,0 205,369,302,480,0 270,319,367,430,0 164,173,245,279,0 206,52,309,179,0 61,131,160,236,0 555,172,640,274,0 37,303,144,403,0 502,57,610,157,0 381,2,489,102,0 103,25,193,113,0 1,32,89,120,0 247,248,352,336,0 1,138,80,238,0 106,228,182,319,0
E:\test_idea\redcell-yolo2-keras-master\RBC_datasets\JPEGImages//BloodImage_00098.jpg 371,278,481,380,0 538,167,636,262,0 497,61,599,159,0 105,221,191,322,0 225,349,310,434,0 66,266,152,357,0 1,1,92,72,0 31,152,114,235,0 377,153,466,244,0 256,28,380,137,0 63,43,155,154,0 418,64,517,166,0 307,363,396,454,0
E:\test_idea\redcell-yolo2-keras-master\RBC_datasets\JPEGImages//BloodImage_00099.jpg 381,191,475,287,0 144,150,255,249,0 115,214,226,332,0 410,244,521,362,0 508,128,601,239,0 433,12,534,121,0 539,359,640,468,0 545,263,640,357,0 52,330,147,424,0 291,22,408,112,0 225,361,343,460,0 384,401,502,480,0 27,1,140,67,0 536,1,640,77,0 137,338,232,448,0
E:\test_idea\redcell-yolo2-keras-master\RBC_datasets\JPEGImages//BloodImage_00100.jpg 229,238,342,330,0 152,146,268,257,0 150,144,266,255,0 70,197,179,300,0 7,1,103,82,0 469,28,573,121,0 494,137,596,237,0 27,305,111,395,0 45,105,129,195,0 32,191,116,281,0 339,262,405,367,0 368,59,460,146,0 415,140,516,226,0 344,412,445,479,0 144,250,234,348,0
E:\test_idea\redcell-yolo2-keras-master\RBC_datasets\JPEGImages//BloodImage_00101.jpg 122,270,243,377,0 2,128,123,235,0 240,39,361,146,0 354,79,462,179,0 437,43,545,143,0 484,128,591,230,0 118,1,221,93,0 229,165,349,255,0 545,41,640,136,0 313,196,424,290,0 206,223,316,329,0 181,338,276,438,0
E:\test_idea\redcell-yolo2-keras-master\RBC_datasets\JPEGImages//BloodImage_00103.jpg 349,120,499,206,0 343,272,437,357,0 184,292,283,378,0 253,240,352,326,0 408,282,505,393,0 143,189,240,290,0 305,43,404,129,0 373,21,472,107,0 458,50,559,160,0 1,197,94,285,0 1,2,70,103,0 8,386,110,462,0 558,167,640,251,0 558,319,640,403,0 479,415,577,480,0 101,120,201,224,0
E:\test_idea\redcell-yolo2-keras-master\RBC_datasets\JPEGImages//BloodImage_00104.jpg 430,82,514,162,0 474,1,559,70,0 406,1,494,60,0 413,166,507,265,0 342,25,429,110,0 33,158,123,258,0 178,177,286,286,0 88,277,188,381,0 61,341,157,435,0 83,16,190,117,0 521,379,637,480,0 490,113,591,215,0 496,245,578,343,0
E:\test_idea\redcell-yolo2-keras-master\RBC_datasets\JPEGImages//BloodImage_00106.jpg 82,1,214,79,0 316,130,404,238,0 281,246,372,339,0 395,4,486,96,0 409,356,505,448,0 559,160,640,253,0 524,26,605,119,0 490,395,580,477,0 46,295,134,408,0 95,99,190,202,0 185,86,276,171,0 98,196,211,299,0 187,267,272,360,0 210,321,301,411,0 131,346,238,446,0
E:\test_idea\redcell-yolo2-keras-master\RBC_datasets\JPEGImages//BloodImage_00107.jpg 298,22,416,130,0 331,310,449,418,0 263,150,347,231,0 204,1,301,105,0 11,89,94,177,0 106,208,189,296,0 10,318,93,406,0 527,124,610,212,0 528,260,639,371,0 428,368,552,480,0 44,149,134,234,0 102,40,196,122,0
E:\test_idea\redcell-yolo2-keras-master\RBC_datasets\JPEGImages//BloodImage_00108.jpg 339,83,429,166,0 283,42,374,129,0 285,181,383,287,0 187,217,285,310,0 401,170,512,279,0 496,219,609,336,0 438,261,540,375,0 530,99,632,213,0 62,217,164,331,0 1,154,77,266,0 160,99,272,211,0 344,1,449,58,0 452,1,557,58,0 185,429,276,480,0
E:\test_idea\redcell-yolo2-keras-master\RBC_datasets\JPEGImages//BloodImage_00109.jpg 389,158,486,248,0 500,373,598,465,0 297,155,393,255,0 393,3,500,104,0 259,166,354,268,0 262,286,362,411,0 102,48,216,159,0 37,148,151,237,0 34,229,125,307,0 214,62,309,170,0 60,355,164,458,0
E:\test_idea\redcell-yolo2-keras-master\RBC_datasets\JPEGImages//BloodImage_00110.jpg 364,41,494,165,0 493,146,623,270,0 284,202,393,290,0 260,17,373,90,0 83,206,171,284,0 108,66,210,151,0 214,372,301,474,0 139,287,226,378,0 114,386,216,473,0 1,83,102,183,0
E:\test_idea\redcell-yolo2-keras-master\RBC_datasets\JPEGImages//BloodImage_00111.jpg 458,198,571,296,0 405,240,518,338,0 365,40,478,138,0 512,75,630,188,0 468,71,570,175,0 175,169,288,267,0 278,358,391,456,0 527,306,640,404,0 229,31,342,129,0 23,44,136,142,0 21,310,134,408,0 121,280,234,378,0 60,382,143,480,0 50,134,194,254,0 399,405,495,480,0
E:\test_idea\redcell-yolo2-keras-master\RBC_datasets\JPEGImages//BloodImage_00112.jpg 178,350,278,438,0 162,141,262,229,0 205,30,314,143,0 95,1,198,81,0 287,260,389,367,0 448,128,550,235,0 430,243,525,337,0 423,385,518,480,0 369,18,434,87,0 2,57,98,137,0 353,123,454,224,0 22,154,122,242,0
E:\test_idea\redcell-yolo2-keras-master\RBC_datasets\JPEGImages//BloodImage_00113.jpg 262,151,366,245,0 169,23,273,117,0 496,178,584,248,0 533,285,640,389,0 84,366,193,442,0 10,66,99,184,0 365,151,485,268,0 299,265,404,369,0 573,1,640,70,0 377,393,473,476,0 11,324,102,410,0
E:\test_idea\redcell-yolo2-keras-master\RBC_datasets\JPEGImages//BloodImage_00114.jpg 173,194,270,292,0 359,214,456,312,0 415,230,512,328,0 364,336,473,448,0 240,265,349,377,0 159,368,263,465,0 50,407,168,477,0 123,15,249,147,0 1,284,97,382,0 512,167,609,265,0 322,396,410,480,0 52,230,156,316,0 9,127,116,220,0 32,1,139,72,0
E:\test_idea\redcell-yolo2-keras-master\RBC_datasets\JPEGImages//BloodImage_00115.jpg 23,294,126,393,0 223,119,306,204,0 499,141,602,236,0 117,52,220,147,0 472,243,577,354,0 556,354,640,439,0 466,405,564,480,0 302,434,405,480,0 165,441,265,480,0 1,62,87,144,0
E:\test_idea\redcell-yolo2-keras-master\RBC_datasets\JPEGImages//BloodImage_00117.jpg 507,63,609,180,0 426,383,528,480,0 186,54,290,174,0 108,1,228,104,0 1,1,114,96,0 314,5,428,101,0 61,261,165,359,0 98,393,192,480,0
E:\test_idea\redcell-yolo2-keras-master\RBC_datasets\JPEGImages//BloodImage_00120.jpg 422,191,536,291,0 53,141,192,262,0 354,277,480,393,0 223,230,349,346,0 514,358,615,455,0 246,1,344,86,0 100,49,198,135,0 92,290,190,376,0 394,388,469,469,0
E:\test_idea\redcell-yolo2-keras-master\RBC_datasets\JPEGImages//BloodImage_00123.jpg 35,377,150,479,0 463,119,578,221,0 297,126,364,199,0 57,293,144,379,0 34,103,121,189,0 314,1,401,85,0 354,386,441,472,0
E:\test_idea\redcell-yolo2-keras-master\RBC_datasets\JPEGImages//BloodImage_00124.jpg 297,131,374,222,0 473,217,599,313,0 360,126,463,237,0 144,184,275,322,0 37,279,104,377,0 476,46,543,144,0 529,319,602,415,0 9,406,114,480,0 207,284,312,374,0
E:\test_idea\redcell-yolo2-keras-master\RBC_datasets\JPEGImages//BloodImage_00125.jpg 333,174,421,274,0 312,16,416,119,0 173,51,252,140,0 453,291,538,383,0 408,219,501,315,0 460,119,553,215,0 287,369,394,480,0 1,204,68,310,0 201,355,303,469,0 28,12,119,120,0
E:\test_idea\redcell-yolo2-keras-master\RBC_datasets\JPEGImages//BloodImage_00126.jpg 307,235,409,328,0 330,133,442,227,0 192,150,302,260,0 254,1,366,93,0 52,16,140,112,0 27,253,136,344,0 334,58,443,149,0 252,317,359,418,0 200,266,293,391,0 477,165,590,238,0 444,129,550,204,0
E:\test_idea\redcell-yolo2-keras-master\RBC_datasets\JPEGImages//BloodImage_00127.jpg 9,249,109,357,0 452,1,556,95,0 109,272,210,357,0 251,1,352,86,0 218,389,323,480,0
E:\test_idea\redcell-yolo2-keras-master\RBC_datasets\JPEGImages//BloodImage_00130.jpg 470,282,551,370,0 479,342,566,429,0 566,322,640,424,0 301,329,412,443,0 254,231,335,323,0 30,313,134,426,0 155,94,236,208,0 203,310,311,440,0
E:\test_idea\redcell-yolo2-keras-master\RBC_datasets\JPEGImages//BloodImage_00132.jpg 177,154,302,272,0 221,271,346,389,0 255,40,373,152,0 379,22,496,133,0 78,382,188,480,0 20,8,154,113,0 137,34,280,158,0
E:\test_idea\redcell-yolo2-keras-master\RBC_datasets\JPEGImages//BloodImage_00133.jpg 471,11,592,130,0 552,200,640,318,0 520,312,632,430,0 58,260,171,375,0 336,158,443,256,0 84,379,191,477,0 227,320,341,429,0 1,327,59,431,0 376,310,453,407,0
E:\test_idea\redcell-yolo2-keras-master\RBC_datasets\JPEGImages//BloodImage_00135.jpg 20,243,105,328,0 201,261,316,341,0 247,83,375,214,0 341,314,472,420,0 83,100,180,193,0 456,234,544,344,0 460,1,548,71,0 95,195,222,316,0
E:\test_idea\redcell-yolo2-keras-master\RBC_datasets\JPEGImages//BloodImage_00136.jpg 439,279,550,372,0 464,117,577,227,0 414,44,507,148,0 321,213,430,337,0 246,329,350,429,0 345,357,473,465,0 200,395,316,480,0 323,41,425,128,0 359,110,461,197,0
E:\test_idea\redcell-yolo2-keras-master\RBC_datasets\JPEGImages//BloodImage_00137.jpg 146,333,273,459,0 211,247,316,360,0 79,145,208,264,0 466,231,555,320,0
E:\test_idea\redcell-yolo2-keras-master\RBC_datasets\JPEGImages//BloodImage_00139.jpg 229,7,338,117,0 258,225,368,333,0 77,226,187,334,0 88,58,232,222,0 469,303,598,420,0 401,273,515,380,0 159,314,269,422,0 478,228,592,335,0 11,312,121,420,0
E:\test_idea\redcell-yolo2-keras-master\RBC_datasets\JPEGImages//BloodImage_00140.jpg 337,260,469,386,0 489,259,615,362,0 65,343,219,476,0 540,74,640,171,0 48,216,153,315,0 405,329,550,423,0
E:\test_idea\redcell-yolo2-keras-master\RBC_datasets\JPEGImages//BloodImage_00141.jpg 539,53,640,154,0 393,334,511,437,0 501,278,618,406,0 423,1,543,115,0 331,76,442,168,0 312,176,439,302,0 10,196,117,292,0 113,153,231,271,0 249,133,364,229,0
E:\test_idea\redcell-yolo2-keras-master\RBC_datasets\JPEGImages//BloodImage_00142.jpg 335,54,466,163,0 403,170,517,274,0 485,201,598,284,0 348,372,441,480,0 18,276,111,384,0 101,12,206,117,0
E:\test_idea\redcell-yolo2-keras-master\RBC_datasets\JPEGImages//BloodImage_00143.jpg 344,274,448,392,0 416,371,572,461,0 417,176,504,277,0 472,175,581,275,0 340,38,444,156,0
E:\test_idea\redcell-yolo2-keras-master\RBC_datasets\JPEGImages//BloodImage_00144.jpg 86,1,208,101,0 116,66,242,195,0 185,1,310,76,0 508,94,606,190,0 2,285,80,387,0 566,337,640,422,0
E:\test_idea\redcell-yolo2-keras-master\RBC_datasets\JPEGImages//BloodImage_00145.jpg 239,265,342,357,0 168,1,271,92,0 375,102,479,211,0 498,114,621,236,0 197,92,309,193,0 3,76,112,175,0 356,210,457,324,0 78,163,192,287,0 468,317,583,435,0 106,388,209,480,0
E:\test_idea\redcell-yolo2-keras-master\RBC_datasets\JPEGImages//BloodImage_00148.jpg 404,253,511,356,0 278,300,385,403,0 501,170,608,273,0 86,1,193,124,0
E:\test_idea\redcell-yolo2-keras-master\RBC_datasets\JPEGImages//BloodImage_00149.jpg 328,181,430,281,0 15,1,130,96,0 435,154,549,266,0 104,240,218,338,0 524,363,638,460,0 513,20,627,117,0 228,51,343,160,0 373,69,464,149,0
E:\test_idea\redcell-yolo2-keras-master\RBC_datasets\JPEGImages//BloodImage_00154.jpg 208,278,312,400,0 247,232,351,337,0 325,163,429,268,0 257,105,361,210,0 100,393,247,480,0 1,60,104,165,0
E:\test_idea\redcell-yolo2-keras-master\RBC_datasets\JPEGImages//BloodImage_00156.jpg 169,326,296,405,0 216,187,341,296,0 93,128,179,208,0 105,245,195,362,0 5,162,108,259,0 3,252,118,343,0 299,225,414,316,0 374,229,498,328,0 160,415,280,480,0
E:\test_idea\redcell-yolo2-keras-master\RBC_datasets\JPEGImages//BloodImage_00157.jpg 108,147,217,248,0 523,128,632,229,0 365,355,495,456,0
E:\test_idea\redcell-yolo2-keras-master\RBC_datasets\JPEGImages//BloodImage_00158.jpg 237,344,325,436,0 148,177,236,269,0 475,343,597,465,0 267,221,354,325,0 42,63,136,152,0
E:\test_idea\redcell-yolo2-keras-master\RBC_datasets\JPEGImages//BloodImage_00159.jpg 239,6,331,103,0 487,20,620,137,0 418,171,524,282,0 487,253,598,363,0 274,382,384,480,0
E:\test_idea\redcell-yolo2-keras-master\RBC_datasets\JPEGImages//BloodImage_00160.jpg 170,185,280,287,0 402,215,512,317,0 501,303,611,405,0 492,63,602,165,0 1,31,111,136,0 148,297,270,400,0 263,78,385,181,0 426,147,529,233,0 140,1,243,86,0
E:\test_idea\redcell-yolo2-keras-master\RBC_datasets\JPEGImages//BloodImage_00161.jpg 148,160,234,247,0 110,145,216,228,0 81,232,194,337,0 456,146,565,261,0 254,344,363,459,0 407,178,516,293,0 305,310,413,405,0 522,1,639,86,0 492,261,600,376,0 387,266,506,402,0 135,338,245,439,0 61,341,171,442,0 1,88,59,181,0
E:\test_idea\redcell-yolo2-keras-master\RBC_datasets\JPEGImages//BloodImage_00162.jpg 67,167,165,268,0 186,63,284,164,0 99,98,194,174,0 162,197,272,305,0 230,134,358,244,0 430,366,542,458,0 509,394,609,480,0 416,256,547,361,0 495,126,596,231,0 6,32,147,137,0 351,160,452,279,0
E:\test_idea\redcell-yolo2-keras-master\RBC_datasets\JPEGImages//BloodImage_00163.jpg 474,80,575,176,0 405,78,506,174,0 453,227,550,348,0 64,89,161,210,0 1,330,87,434,0 277,301,389,394,0
E:\test_idea\redcell-yolo2-keras-master\RBC_datasets\JPEGImages//BloodImage_00164.jpg 169,179,300,317,0 423,336,520,453,0 532,358,629,475,0 353,39,448,135,0 345,124,451,245,0 309,233,415,354,0 532,151,639,268,0 455,69,593,184,0 4,188,136,316,0 102,77,220,196,0
E:\test_idea\redcell-yolo2-keras-master\RBC_datasets\JPEGImages//BloodImage_00165.jpg 388,157,478,262,0 266,385,373,480,0 359,363,466,458,0 306,274,428,380,0 56,296,178,402,0 104,176,200,279,0 386,4,514,122,0 449,389,541,480,0 425,252,513,364,0 230,1,331,72,0
E:\test_idea\redcell-yolo2-keras-master\RBC_datasets\JPEGImages//BloodImage_00166.jpg 480,2,589,93,0 347,199,455,314,0 494,357,578,466,0 549,81,633,190,0 383,353,491,468,0 347,1,453,96,0 55,77,182,191,0 254,28,368,129,0 5,198,127,299,0 403,165,512,285,0 408,264,505,367,0
E:\test_idea\redcell-yolo2-keras-master\RBC_datasets\JPEGImages//BloodImage_00167.jpg 28,286,134,382,0 82,201,181,296,0 60,1,159,85,0 180,3,286,107,0 329,1,455,85,0 304,97,405,202,0 408,128,509,233,0 468,266,582,349,0 158,374,272,480,0 507,79,621,185,0 469,29,583,135,0 526,189,640,272,0 194,204,295,310,0 133,109,245,227,0
E:\test_idea\redcell-yolo2-keras-master\RBC_datasets\JPEGImages//BloodImage_00168.jpg 440,347,563,450,0 274,179,388,258,0 340,261,441,366,0 364,103,480,210,0 378,1,493,91,0 32,371,152,480,0 6,276,106,370,0 6,41,130,141,0 98,1,207,72,0 207,1,316,72,0 503,75,609,180,0 318,301,424,406,0 171,345,273,430,0 181,47,306,169,0 560,135,640,232,0 1,134,97,227,0
E:\test_idea\redcell-yolo2-keras-master\RBC_datasets\JPEGImages//BloodImage_00169.jpg 76,319,180,422,0 137,259,246,369,0 237,297,354,406,0 236,383,353,480,0 361,341,480,452,0 455,178,574,289,0 330,222,457,341,0 25,182,136,285,0 43,81,155,180,0 71,1,179,82,0 415,96,507,187,0 477,87,569,178,0 548,1,640,91,0 453,1,546,87,0 533,327,640,440,0 430,288,557,408,0
E:\test_idea\redcell-yolo2-keras-master\RBC_datasets\JPEGImages//BloodImage_00170.jpg 359,101,459,216,0 394,365,509,463,0 425,172,545,288,0 459,290,575,372,0 57,390,154,480,0 1,233,97,330,0 1,127,97,224,0 271,21,395,133,0 185,110,292,220,0 86,88,193,198,0 112,33,219,143,0 564,174,640,274,0 99,212,194,308,0
E:\test_idea\redcell-yolo2-keras-master\RBC_datasets\JPEGImages//BloodImage_00171.jpg 16,195,119,303,0 75,300,203,412,0 516,108,626,213,0 373,105,469,225,0 171,205,296,314,0 383,310,479,430,0 279,312,378,442,0 447,1,552,91,0 200,411,288,480,0 355,1,454,84,0 8,1,123,65,0 580,232,640,331,0 1,383,83,480,0
E:\test_idea\redcell-yolo2-keras-master\RBC_datasets\JPEGImages//BloodImage_00172.jpg 110,213,230,332,0 230,227,344,335,0 185,1,281,101,0 55,95,180,212,0 36,150,133,256,0 20,334,123,454,0 352,228,455,324,0 457,187,574,300,0 361,330,478,443,0 128,355,245,468,0 566,274,640,386,0 445,253,565,352,0 309,327,428,417,0 415,1,534,90,0
E:\test_idea\redcell-yolo2-keras-master\RBC_datasets\JPEGImages//BloodImage_00174.jpg 455,106,562,209,0 490,249,597,352,0 543,165,640,269,0 568,323,640,428,0 310,365,427,471,0 298,46,418,157,0 203,24,301,141,0 394,1,491,107,0 1,153,77,259,0 1,379,67,480,0 1,1,91,75,0 95,1,210,93,0 37,317,152,410,0
E:\test_idea\redcell-yolo2-keras-master\RBC_datasets\JPEGImages//BloodImage_00175.jpg 19,2,129,114,0 1,176,99,293,0 187,56,283,152,0 298,182,418,275,0 396,249,516,342,0 520,9,640,102,0 29,305,149,398,0 520,107,640,221,0 110,172,196,260,0
E:\test_idea\redcell-yolo2-keras-master\RBC_datasets\JPEGImages//BloodImage_00176.jpg 242,222,347,325,0 464,43,556,137,0 531,186,631,288,0 23,88,124,195,0 377,234,478,341,0 59,196,160,303,0 289,1,393,86,0 152,274,256,360,0 320,387,429,480,0 190,412,322,480,0 64,365,170,480,0
E:\test_idea\redcell-yolo2-keras-master\RBC_datasets\JPEGImages//BloodImage_00177.jpg 375,115,498,215,0 279,264,399,392,0 447,189,560,307,0 121,341,256,442,0 1,101,75,244,0 323,6,453,122,0 452,1,537,119,0 542,259,640,383,0 550,124,640,233,0 553,1,640,85,0 306,377,425,480,0
E:\test_idea\redcell-yolo2-keras-master\RBC_datasets\JPEGImages//BloodImage_00178.jpg 26,293,124,386,0 293,345,416,449,0 519,189,640,315,0 480,27,601,153,0 402,1,510,78,0 327,250,429,343,0 414,275,549,377,0 554,342,640,443,0 3,391,99,480,0 72,19,174,130,0 144,189,273,305,0 122,319,237,413,0
E:\test_idea\redcell-yolo2-keras-master\RBC_datasets\JPEGImages//BloodImage_00179.jpg 65,42,165,177,0 373,1,488,83,0 227,3,346,107,0 487,128,606,232,0 175,288,294,392,0 94,387,212,480,0 311,351,420,465,0 49,273,155,360,0 165,77,273,185,0 106,168,248,293,0 466,397,575,480,0 557,202,640,307,0
E:\test_idea\redcell-yolo2-keras-master\RBC_datasets\JPEGImages//BloodImage_00180.jpg 38,197,149,320,0 31,73,143,174,0 108,45,202,141,0 378,136,472,232,0 166,290,282,379,0 42,391,158,480,0 524,62,640,158,0 243,203,373,319,0 306,341,411,447,0 516,158,633,263,0
E:\test_idea\redcell-yolo2-keras-master\RBC_datasets\JPEGImages//BloodImage_00182.jpg 161,75,286,185,0 48,78,179,207,0 516,183,637,296,0 173,351,291,449,0 47,361,165,459,0 1,11,118,109,0 439,10,580,132,0 315,242,436,344,0 519,378,624,472,0
E:\test_idea\redcell-yolo2-keras-master\RBC_datasets\JPEGImages//BloodImage_00183.jpg 234,307,343,423,0 415,219,550,359,0 69,126,178,242,0 288,1,397,97,0 572,330,640,434,0 101,378,214,480,0 58,8,156,108,0
E:\test_idea\redcell-yolo2-keras-master\RBC_datasets\JPEGImages//BloodImage_00184.jpg 323,70,433,173,0 441,119,572,219,0 119,164,231,265,0 1,263,89,361,0 451,297,563,398,0 308,327,420,428,0 65,315,165,414,0 490,1,590,99,0 284,161,384,260,0
E:\test_idea\redcell-yolo2-keras-master\RBC_datasets\JPEGImages//BloodImage_00189.jpg 385,66,502,191,0 261,73,367,157,0 483,156,587,303,0 380,269,480,372,0 80,1,192,81,0 447,410,522,480,0 203,350,334,456,0 318,338,406,433,0 1,142,100,253,0 506,21,606,132,0 566,392,640,480,0
E:\test_idea\redcell-yolo2-keras-master\RBC_datasets\JPEGImages//BloodImage_00190.jpg 256,16,373,118,0 412,37,506,136,0 115,10,208,99,0 515,144,632,285,0 373,237,484,344,0 502,45,613,152,0 45,94,144,198,0 465,315,576,422,0 161,302,272,409,0 322,331,433,438,0 114,392,236,480,0 482,414,603,480,0
E:\test_idea\redcell-yolo2-keras-master\RBC_datasets\JPEGImages//BloodImage_00191.jpg 353,1,462,101,0 296,98,402,235,0 303,264,424,382,0 49,62,171,195,0 205,21,299,117,0 562,1,640,86,0 173,171,292,285,0 540,269,640,360,0 514,342,633,439,0 304,384,383,480,0 574,158,640,278,0 1,337,69,455,0 1,132,70,224,0 256,11,350,107,0
E:\test_idea\redcell-yolo2-keras-master\RBC_datasets\JPEGImages//BloodImage_00192.jpg 137,352,243,453,0 217,214,319,331,0 280,105,381,204,0 397,82,506,176,0 484,2,603,114,0 538,340,640,443,0 48,244,179,371,0 1,178,116,296,0 398,335,512,445,0 297,21,411,131,0 1,318,91,427,0
E:\test_idea\redcell-yolo2-keras-master\RBC_datasets\JPEGImages//BloodImage_00193.jpg 159,300,258,399,0 480,297,584,379,0 130,183,238,286,0 210,196,326,324,0 376,305,489,403,0 136,55,238,143,0 359,1,483,97,0
E:\test_idea\redcell-yolo2-keras-master\RBC_datasets\JPEGImages//BloodImage_00195.jpg 142,354,258,447,0 27,373,138,463,0 208,90,324,183,0 387,41,504,149,0 417,154,510,263,0 553,228,640,355,0 140,194,238,296,0 239,284,337,386,0 53,305,153,395,0 273,20,386,140,0
E:\test_idea\redcell-yolo2-keras-master\RBC_datasets\JPEGImages//BloodImage_00196.jpg 503,39,617,148,0 319,56,433,165,0 52,133,166,242,0 131,315,245,424,0 201,188,315,297,0 233,124,347,233,0 128,45,229,153,0 251,385,355,479,0 460,140,564,234,0 543,158,640,267,0
E:\test_idea\redcell-yolo2-keras-master\RBC_datasets\JPEGImages//BloodImage_00197.jpg 12,317,110,411,0 1,191,70,323,0 305,123,430,236,0 392,248,494,356,0 172,292,272,409,0 520,184,640,294,0 314,1,419,86,0 75,84,208,182,0 51,149,177,279,0 276,311,402,412,0 170,1,294,77,0
E:\test_idea\redcell-yolo2-keras-master\RBC_datasets\JPEGImages//BloodImage_00198.jpg 268,5,377,100,0 478,99,587,194,0 116,385,225,480,0 309,116,439,226,0 382,61,489,149,0 354,1,467,88,0 176,76,285,171,0 164,127,267,239,0 431,295,549,410,0 415,410,524,480,0 300,403,427,480,0 568,168,640,269,0 40,340,131,434,0 62,151,165,285,0
E:\test_idea\redcell-yolo2-keras-master\RBC_datasets\JPEGImages//BloodImage_00199.jpg 469,40,580,130,0 375,55,488,154,0 299,223,412,322,0 477,239,578,328,0 549,150,640,268,0 405,165,519,281,0 43,350,156,449,0 85,1,192,96,0 249,352,372,459,0 420,340,544,468,0
E:\test_idea\redcell-yolo2-keras-master\RBC_datasets\JPEGImages//BloodImage_00200.jpg 115,1,237,97,0 138,400,254,480,0 547,242,640,347,0 1,107,119,190,0 183,134,305,231,0 64,324,186,421,0 248,307,362,410,0 494,22,613,140,0 548,111,636,208,0
E:\test_idea\redcell-yolo2-keras-master\RBC_datasets\JPEGImages//BloodImage_00201.jpg 302,9,406,100,0 13,213,131,337,0 60,338,149,452,0 1,358,89,472,0 169,157,275,253,0 388,135,494,231,0 501,313,604,416,0 250,204,347,298,0 59,25,155,128,0
E:\test_idea\redcell-yolo2-keras-master\RBC_datasets\JPEGImages//BloodImage_00202.jpg 8,119,117,222,0 276,1,385,103,0 408,40,521,152,0 550,218,640,326,0 441,234,540,332,0 261,161,369,266,0 264,238,371,360,0 203,318,321,409,0 286,375,405,480,0 111,158,250,296,0 457,124,593,242,0 213,77,322,180,0
E:\test_idea\redcell-yolo2-keras-master\RBC_datasets\JPEGImages//BloodImage_00203.jpg 420,58,528,156,0 463,121,571,219,0 266,1,377,71,0 292,43,403,114,0 459,351,567,444,0 12,206,120,306,0 130,75,238,175,0 506,222,610,333,0 1,11,107,147,0
E:\test_idea\redcell-yolo2-keras-master\RBC_datasets\JPEGImages//BloodImage_00204.jpg 4,376,110,475,0 294,50,400,149,0 146,208,231,286,0 485,308,584,407,0 567,193,640,294,0 429,65,528,164,0 524,15,623,106,0 337,1,441,96,0 37,142,139,256,0 61,38,192,176,0 136,395,216,476,0 435,180,548,266,0 435,426,527,477,0 598,60,640,152,0
E:\test_idea\redcell-yolo2-keras-master\RBC_datasets\JPEGImages//BloodImage_00205.jpg 157,140,250,245,0 1,209,93,314,0 73,299,168,415,0 359,352,454,448,0 379,133,473,247,0 280,122,376,229,0 348,229,450,337,0 416,234,518,342,0 447,365,549,473,0 316,1,416,64,0 26,58,133,166,0 423,1,524,81,0 498,1,600,66,0
E:\test_idea\redcell-yolo2-keras-master\RBC_datasets\JPEGImages//BloodImage_00206.jpg 167,298,289,410,0 1,295,104,398,0 443,49,547,152,0 395,71,499,174,0 337,110,451,239,0 187,141,313,254,0 93,1,198,95,0 186,52,299,154,0 313,1,421,85,0 285,263,379,355,0 291,326,391,417,0 291,376,391,467,0 409,388,509,479,0 74,296,179,409,0
E:\test_idea\redcell-yolo2-keras-master\RBC_datasets\JPEGImages//BloodImage_00207.jpg 199,69,291,173,0 1,117,92,221,0 80,1,214,122,0 195,171,292,287,0 205,404,304,479,0 101,324,226,437,0 467,135,566,236,0 521,198,640,319,0 374,201,475,303,0 306,378,429,480,0 348,47,461,155,0
E:\test_idea\redcell-yolo2-keras-master\RBC_datasets\JPEGImages//BloodImage_00208.jpg 96,279,198,377,0 143,1,254,108,0 241,1,352,84,0 372,1,486,77,0 15,163,110,248,0 362,298,461,398,0 266,320,365,420,0 27,394,115,480,0 177,160,308,286,0 332,395,430,480,0 401,395,499,480,0 436,225,534,310,0 492,1,628,70,0
E:\test_idea\redcell-yolo2-keras-master\RBC_datasets\JPEGImages//BloodImage_00209.jpg 141,99,236,203,0 84,3,181,101,0 251,1,345,93,0 373,11,467,104,0 551,110,634,194,0 528,313,633,408,0 191,281,296,376,0 55,372,160,467,0 330,128,455,225,0 200,347,300,433,0 121,192,241,320,0
E:\test_idea\redcell-yolo2-keras-master\RBC_datasets\JPEGImages//BloodImage_00210.jpg 300,67,423,169,0 466,85,589,187,0 458,145,581,247,0 414,260,536,345,0 188,193,284,298,0 88,236,184,341,0 28,48,124,153,0 228,397,331,480,0 201,102,303,193,0 283,279,390,380,0 559,330,640,444,0 2,359,112,463,0
E:\test_idea\redcell-yolo2-keras-master\RBC_datasets\JPEGImages//BloodImage_00211.jpg 86,283,187,385,0 43,180,144,282,0 213,16,314,118,0 84,42,185,144,0 541,138,640,253,0 541,337,640,452,0 452,18,551,133,0 515,16,636,140,0 184,175,282,270,0 210,266,308,361,0 429,333,534,436,0 265,114,344,223,0
E:\test_idea\redcell-yolo2-keras-master\RBC_datasets\JPEGImages//BloodImage_00212.jpg 226,141,338,240,0 183,40,319,156,0 327,143,439,247,0 505,291,611,393,0 534,387,638,480,0 165,402,268,480,0 273,293,389,390,0 1,1,95,93,0 410,236,517,360,0 349,1,458,111,0 562,71,640,188,0 525,174,624,292,0 108,169,226,285,0
E:\test_idea\redcell-yolo2-keras-master\RBC_datasets\JPEGImages//BloodImage_00214.jpg 206,125,333,236,0 87,201,186,299,0 2,1,98,96,0 31,98,155,195,0 284,258,380,344,0 252,306,356,418,0 237,361,341,473,0 390,226,508,311,0 487,408,600,480,0 429,301,570,420,0 340,372,445,480,0 513,1,633,98,0 146,341,249,446,0 307,11,410,116,0 32,272,135,377,0
E:\test_idea\redcell-yolo2-keras-master\RBC_datasets\JPEGImages//BloodImage_00215.jpg 407,57,519,158,0 303,62,386,163,0 262,401,357,480,0 239,187,329,293,0 230,56,305,147,0 486,255,586,367,0 448,355,541,441,0 537,403,636,480,0 396,429,495,480,0 315,293,408,379,0 368,258,464,361,0 4,383,101,480,0 1,262,66,378,0
E:\test_idea\redcell-yolo2-keras-master\RBC_datasets\JPEGImages//BloodImage_00216.jpg 192,376,292,473,0 301,320,419,424,0 433,273,510,358,0 434,368,528,454,0 507,381,574,454,0 554,297,640,401,0 115,166,210,275,0 9,330,104,439,0 23,254,121,356,0 129,275,234,370,0 96,337,186,415,0 169,110,264,219,0 320,1,426,108,0 531,48,624,164,0 79,26,203,134,0
E:\test_idea\redcell-yolo2-keras-master\RBC_datasets\JPEGImages//BloodImage_00217.jpg 251,341,360,451,0 319,408,433,479,0 407,327,516,437,0 413,234,497,324,0 318,247,427,357,0 203,85,312,195,0 156,107,262,211,0 281,1,384,70,0 389,91,498,201,0 443,1,549,81,0 31,126,153,222,0 106,18,221,125,0
E:\test_idea\redcell-yolo2-keras-master\RBC_datasets\JPEGImages//BloodImage_00218.jpg 166,236,284,336,0 32,194,153,313,0 135,340,236,442,0 51,304,152,406,0 558,157,640,254,0 446,102,541,196,0 255,1,370,110,0 73,43,195,160,0 150,150,231,230,0 561,383,640,480,0
E:\test_idea\redcell-yolo2-keras-master\RBC_datasets\JPEGImages//BloodImage_00219.jpg 47,204,146,313,0 256,154,367,263,0 285,384,400,480,0 169,384,289,480,0 396,384,522,479,0 156,55,272,157,0 1,1,102,99,0 454,304,537,390,0
E:\test_idea\redcell-yolo2-keras-master\RBC_datasets\JPEGImages//BloodImage_00220.jpg 11,73,128,189,0 116,25,254,143,0 547,337,640,429,0 469,176,570,269,0 214,190,321,283,0 166,140,269,243,0 354,330,458,437,0 467,97,569,217,0 445,299,538,409,0
E:\test_idea\redcell-yolo2-keras-master\RBC_datasets\JPEGImages//BloodImage_00221.jpg 156,369,261,461,0 516,213,632,319,0 534,323,640,433,0 457,290,563,400,0 362,336,484,444,0 114,107,222,214,0 97,215,208,340,0 401,1,508,113,0 136,1,238,71,0 201,38,331,155,0
E:\test_idea\redcell-yolo2-keras-master\RBC_datasets\JPEGImages//BloodImage_00222.jpg 397,1,512,117,0 136,270,251,386,0 242,270,357,386,0 335,335,469,452,0 465,290,559,403,0 38,78,150,175,0 293,1,385,68,0 397,120,512,236,0 1,161,73,275,0
E:\test_idea\redcell-yolo2-keras-master\RBC_datasets\JPEGImages//BloodImage_00223.jpg 115,345,226,427,0 1,318,112,400,0 265,377,344,476,0 9,89,130,194,0 84,166,205,271,0 499,172,620,277,0 431,159,552,264,0 287,203,384,284,0 32,1,154,94,0 531,68,613,172,0 536,332,639,455,0 388,408,488,480,0
E:\test_idea\redcell-yolo2-keras-master\RBC_datasets\JPEGImages//BloodImage_00225.jpg 41,272,137,371,0 46,335,152,438,0 193,330,299,433,0 206,252,312,355,0 156,251,241,340,0 415,191,517,283,0 505,172,633,264,0 176,93,277,192,0 1,112,98,227,0 20,12,149,115,0 536,67,640,183,0 487,386,615,472,0 349,306,453,422,0
E:\test_idea\redcell-yolo2-keras-master\RBC_datasets\JPEGImages//BloodImage_00226.jpg 51,159,138,267,0 210,274,332,382,0 515,186,605,288,0 423,161,528,265,0 359,377,480,480,0 254,409,378,480,0 146,409,237,480,0 69,424,148,480,0 115,89,210,172,0 209,1,319,83,0 101,1,204,70,0 355,1,458,70,0 498,357,580,455,0 384,286,478,378,0 476,84,579,181,0
E:\test_idea\redcell-yolo2-keras-master\RBC_datasets\JPEGImages//BloodImage_00227.jpg 311,95,429,210,0 1,59,95,157,0 72,33,192,133,0 52,380,153,473,0 424,403,546,479,0 522,52,612,145,0 411,172,501,265,0 83,160,181,249,0 8,309,113,403,0 492,176,597,270,0 425,1,522,87,0
E:\test_idea\redcell-yolo2-keras-master\RBC_datasets\JPEGImages//BloodImage_00228.jpg 209,347,313,436,0 285,278,405,376,0 106,269,215,389,0 103,170,204,276,0 52,78,150,181,0 504,303,602,406,0 403,155,507,262,0 294,145,403,251,0 361,360,470,466,0 28,255,137,361,0 34,1,143,62,0
E:\test_idea\redcell-yolo2-keras-master\RBC_datasets\JPEGImages//BloodImage_00229.jpg 106,282,215,409,0 402,152,518,259,0 462,68,554,178,0 323,87,438,201,0 524,275,617,387,0 24,306,110,410,0 115,111,218,214,0 33,201,165,293,0 226,1,337,64,0 362,344,496,463,0
E:\test_idea\redcell-yolo2-keras-master\RBC_datasets\JPEGImages//BloodImage_00230.jpg 154,246,270,356,0 128,150,226,241,0 11,1,135,91,0 461,32,560,125,0 462,311,563,407,0 287,339,397,439,0 8,201,145,308,0 1,107,91,198,0 436,216,537,312,0 365,27,476,124,0
E:\test_idea\redcell-yolo2-keras-master\RBC_datasets\JPEGImages//BloodImage_00231.jpg 408,135,536,250,0 239,38,361,125,0 371,23,488,136,0 484,21,601,134,0 107,238,197,355,0 1,137,92,235,0 582,232,640,326,0 72,1,177,86,0
E:\test_idea\redcell-yolo2-keras-master\RBC_datasets\JPEGImages//BloodImage_00232.jpg 509,177,614,291,0 448,1,563,102,0 340,261,453,371,0 239,364,344,471,0 123,362,228,469,0 137,44,242,151,0 212,149,326,259,0 458,275,562,374,0 415,332,519,431,0
E:\test_idea\redcell-yolo2-keras-master\RBC_datasets\JPEGImages//BloodImage_00233.jpg 1,164,89,257,0 46,67,171,177,0 289,88,396,196,0 357,185,454,271,0 97,320,230,441,0 13,324,99,395,0
E:\test_idea\redcell-yolo2-keras-master\RBC_datasets\JPEGImages//BloodImage_00234.jpg 158,156,244,254,0 98,156,184,254,0 146,350,243,447,0 324,383,421,480,0 257,224,340,338,0 513,266,612,378,0 578,86,640,196,0
E:\test_idea\redcell-yolo2-keras-master\RBC_datasets\JPEGImages//BloodImage_00235.jpg 1,166,89,283,0 147,207,251,326,0 480,343,604,468,0
E:\test_idea\redcell-yolo2-keras-master\RBC_datasets\JPEGImages//BloodImage_00236.jpg 514,187,633,293,0 381,53,486,191,0 222,16,354,137,0 51,140,126,221,0 1,100,63,208,0 406,208,518,313,0
E:\test_idea\redcell-yolo2-keras-master\RBC_datasets\JPEGImages//BloodImage_00237.jpg 1,276,70,379,0 182,355,310,458,0 101,222,199,327,0 515,177,620,293,0 358,402,453,480,0 71,399,179,480,0 1,1,92,103,0 405,191,509,294,0 189,242,317,350,0 301,314,418,417,0 98,163,177,236,0
E:\test_idea\redcell-yolo2-keras-master\RBC_datasets\JPEGImages//BloodImage_00239.jpg 360,170,469,286,0 375,1,479,110,0 239,156,362,294,0 478,188,581,284,0 449,86,541,183,0 146,24,246,117,0 51,267,167,354,0 169,234,258,312,0 174,283,264,396,0 573,198,640,336,0 93,113,208,238,0
E:\test_idea\redcell-yolo2-keras-master\RBC_datasets\JPEGImages//BloodImage_00240.jpg 373,277,477,385,0 188,267,313,390,0 279,149,404,272,0 141,1,270,71,0 74,236,170,326,0 39,111,135,201,0 144,311,240,401,0 443,364,539,454,0
E:\test_idea\redcell-yolo2-keras-master\RBC_datasets\JPEGImages//BloodImage_00241.jpg 396,113,492,207,0 183,119,277,285,0 372,205,477,316,0 490,91,624,235,0 527,1,640,97,0 92,264,202,370,0
E:\test_idea\redcell-yolo2-keras-master\RBC_datasets\JPEGImages//BloodImage_00242.jpg 331,110,425,199,0 212,318,325,433,0 138,54,262,177,0 101,16,180,87,0 276,14,380,122,0 444,96,534,189,0 531,309,640,415,0 559,212,640,311,0 463,228,556,323,0 539,107,639,202,0 465,422,565,480,0 445,317,547,415,0 1,158,99,273,0 290,154,392,258,0
E:\test_idea\redcell-yolo2-keras-master\RBC_datasets\JPEGImages//BloodImage_00243.jpg 118,24,229,151,0 418,150,511,250,0 303,1,409,79,0 284,134,392,240,0 37,187,145,279,0 145,243,256,320,0 156,138,256,229,0 500,229,598,342,0 1,70,98,183,0 332,29,457,143,0 307,407,438,479,0
E:\test_idea\redcell-yolo2-keras-master\RBC_datasets\JPEGImages//BloodImage_00244.jpg 329,386,413,480,0 125,355,223,451,0 1,331,98,427,0 78,266,176,362,0 24,1,124,82,0 157,1,272,104,0 283,1,379,109,0 523,1,625,62,0 524,100,629,204,0 535,364,640,468,0 349,273,472,384,0 295,185,418,296,0 32,157,140,248,0 192,239,313,349,0
E:\test_idea\redcell-yolo2-keras-master\RBC_datasets\JPEGImages//BloodImage_00245.jpg 332,365,436,459,0 229,398,327,480,0 509,118,612,225,0 408,9,511,116,0 292,87,407,194,0 328,174,419,282,0 270,255,361,363,0 321,291,390,368,0 1,29,62,133,0 30,104,145,211,0 213,55,311,160,0 274,1,374,77,0 108,51,226,148,0 484,365,587,472,0 1,382,74,474,0
E:\test_idea\redcell-yolo2-keras-master\RBC_datasets\JPEGImages//BloodImage_00246.jpg 316,202,426,276,0 370,17,460,123,0 176,2,291,113,0 1,232,97,364,0 88,217,192,324,0 202,194,304,283,0 380,273,476,389,0 470,214,560,363,0 559,212,640,358,0 513,75,625,177,0 354,116,467,204,0 396,392,509,480,0
E:\test_idea\redcell-yolo2-keras-master\RBC_datasets\JPEGImages//BloodImage_00247.jpg 374,16,479,112,0 479,22,584,118,0 381,144,486,240,0 214,333,327,438,0 139,227,258,349,0 137,58,232,158,0 439,341,558,463,0 387,413,489,479,0 510,220,629,300,0 13,27,130,154,0 228,1,318,82,0 148,322,266,413,0 336,321,444,434,0
E:\test_idea\redcell-yolo2-keras-master\RBC_datasets\JPEGImages//BloodImage_00248.jpg 381,1,488,87,0 481,24,592,123,0 259,79,383,198,0 154,1,256,68,0 2,220,129,331,0 308,373,402,480,0 102,47,218,151,0 348,187,464,291,0 462,222,578,326,0 159,414,291,478,0 1,357,84,454,0
E:\test_idea\redcell-yolo2-keras-master\RBC_datasets\JPEGImages//BloodImage_00251.jpg 475,145,583,235,0 207,149,315,239,0 12,232,120,322,0 492,365,600,455,0 515,318,623,408,0 109,171,225,273,0 3,329,119,442,0
E:\test_idea\redcell-yolo2-keras-master\RBC_datasets\JPEGImages//BloodImage_00252.jpg 177,48,278,147,0 65,355,166,454,0 564,395,640,480,0 472,315,582,423,0 156,380,279,480,0 296,50,394,148,0 456,21,569,116,0 55,1,174,99,0 61,295,138,363,0
E:\test_idea\redcell-yolo2-keras-master\RBC_datasets\JPEGImages//BloodImage_00253.jpg 47,222,134,312,0 51,46,138,136,0 138,36,259,122,0 277,36,383,126,0 510,267,632,381,0 469,62,556,165,0 97,377,184,480,0 500,377,640,477,0 422,296,518,395,0
E:\test_idea\redcell-yolo2-keras-master\RBC_datasets\JPEGImages//BloodImage_00254.jpg 393,54,502,162,0 400,350,494,438,0 81,239,209,335,0 330,258,434,368,0 1,325,104,425,0 223,244,323,332,0 179,184,299,270,0 110,32,220,151,0 525,374,614,480,0
E:\test_idea\redcell-yolo2-keras-master\RBC_datasets\JPEGImages//BloodImage_00255.jpg 1,317,75,426,0 183,413,312,480,0 130,420,234,480,0 503,360,592,449,0 299,297,411,387,0 517,37,628,143,0 68,140,153,230,0 129,254,214,344,0 35,209,150,321,0 441,293,547,362,0 542,260,631,349,0
E:\test_idea\redcell-yolo2-keras-master\RBC_datasets\JPEGImages//BloodImage_00256.jpg 455,132,596,259,0 1,85,110,175,0 296,40,423,131,0 115,205,211,305,0 58,136,154,236,0
E:\test_idea\redcell-yolo2-keras-master\RBC_datasets\JPEGImages//BloodImage_00257.jpg 426,353,542,456,0 254,377,370,480,0 118,290,253,395,0 106,198,193,287,0 174,1,281,77,0 429,78,530,179,0 539,295,640,396,0
E:\test_idea\redcell-yolo2-keras-master\RBC_datasets\JPEGImages//BloodImage_00259.jpg 156,112,256,206,0 168,374,270,477,0 238,228,320,284,0 456,161,564,251,0 537,299,640,414,0 61,63,185,145,0 7,420,107,480,0
E:\test_idea\redcell-yolo2-keras-master\RBC_datasets\JPEGImages//BloodImage_00260.jpg 45,88,146,180,0 361,124,484,234,0 95,414,199,479,0 118,68,247,150,0 1,3,101,100,0
E:\test_idea\redcell-yolo2-keras-master\RBC_datasets\JPEGImages//BloodImage_00261.jpg 107,250,200,358,0 278,358,408,467,0 426,62,529,163,0 266,69,388,171,0 162,65,274,175,0 492,250,596,355,0 544,176,640,287,0 5,179,135,288,0
E:\test_idea\redcell-yolo2-keras-master\RBC_datasets\JPEGImages//BloodImage_00262.jpg 524,279,640,385,0 419,252,530,354,0 542,134,640,242,0 1,202,56,305,0 214,148,325,262,0 293,62,426,180,0 448,394,553,480,0 429,75,531,183,0 104,221,218,331,0
E:\test_idea\redcell-yolo2-keras-master\RBC_datasets\JPEGImages//BloodImage_00263.jpg 115,358,206,446,0 1,315,79,401,0 402,305,486,414,0 388,43,467,143,0 564,1,640,77,0 248,382,346,480,0 337,411,402,480,0 140,171,242,255,0 50,192,152,276,0 356,148,462,249,0 298,128,406,236,0 534,243,640,344,0
E:\test_idea\redcell-yolo2-keras-master\RBC_datasets\JPEGImages//BloodImage_00264.jpg 153,309,243,394,0 131,401,224,480,0 377,176,484,285,0 486,274,575,362,0 434,1,516,74,0 481,55,592,154,0 90,118,184,206,0 274,137,374,230,0 515,1,615,50,0 561,132,640,231,0 589,304,640,388,0 527,392,638,480,0 271,18,398,114,0
E:\test_idea\redcell-yolo2-keras-master\RBC_datasets\JPEGImages//BloodImage_00265.jpg 144,346,242,436,0 1,72,82,160,0 107,1,203,65,0 200,1,311,86,0 71,77,182,163,0 35,252,127,356,0 75,295,146,386,0 29,350,129,457,0 209,108,309,215,0 477,134,561,218,0
E:\test_idea\redcell-yolo2-keras-master\RBC_datasets\JPEGImages//BloodImage_00266.jpg 509,147,621,254,0 444,146,514,258,0 345,219,457,328,0 287,323,422,445,0 1,154,86,245,0 303,87,389,178,0 380,12,466,103,0 563,251,639,350,0 83,1,182,99,0 52,88,163,181,0
E:\test_idea\redcell-yolo2-keras-master\RBC_datasets\JPEGImages//BloodImage_00269.jpg 499,79,603,185,0 340,100,436,194,0 258,255,366,356,0 356,166,465,289,0 78,265,177,354,0 260,178,356,268,0 544,324,640,443,0 500,195,589,274,0
E:\test_idea\redcell-yolo2-keras-master\RBC_datasets\JPEGImages//BloodImage_00271.jpg 507,337,613,455,0 562,278,640,373,0 503,181,618,295,0 129,204,229,308,0 321,353,405,459,0 355,355,455,459,0 74,24,190,145,0 463,1,577,77,0 75,366,175,470,0 141,344,233,425,0 348,250,446,350,0
E:\test_idea\redcell-yolo2-keras-master\RBC_datasets\JPEGImages//BloodImage_00272.jpg 37,402,137,480,0 35,46,141,147,0 98,125,194,248,0 184,184,259,308,0 191,66,297,167,0 284,83,408,182,0 265,1,390,93,0 261,191,398,315,0 449,67,546,161,0 515,259,612,353,0 251,379,356,477,0 388,347,494,454,0 543,92,634,180,0
E:\test_idea\redcell-yolo2-keras-master\RBC_datasets\JPEGImages//BloodImage_00273.jpg 227,265,329,359,0 48,211,159,306,0 136,167,271,282,0 388,275,500,386,0 491,286,606,387,0 342,92,448,188,0 427,78,533,174,0 425,170,531,266,0 123,78,229,174,0 30,61,138,166,0 555,31,640,129,0 247,386,346,475,0
E:\test_idea\redcell-yolo2-keras-master\RBC_datasets\JPEGImages//BloodImage_00274.jpg 18,350,124,456,0 511,209,617,315,0 518,317,624,423,0 385,43,491,149,0 303,64,409,170,0 90,147,196,253,0
E:\test_idea\redcell-yolo2-keras-master\RBC_datasets\JPEGImages//BloodImage_00275.jpg 97,59,219,157,0 213,38,319,140,0 114,254,225,358,0 528,209,635,301,0 309,95,416,187,0 343,93,443,173,0 444,55,544,135,0 2,187,131,312,0 96,362,201,467,0 423,309,520,398,0 491,368,613,480,0 181,134,299,231,0 289,353,401,452,0 1,24,83,135,0
E:\test_idea\redcell-yolo2-keras-master\RBC_datasets\JPEGImages//BloodImage_00276.jpg 143,95,243,213,0 173,194,265,304,0 71,11,166,113,0 431,32,526,134,0 490,32,585,134,0 440,144,535,246,0 527,161,622,263,0 417,246,524,354,0 378,302,485,410,0 46,207,137,309,0 54,360,165,466,0 512,327,614,419,0
E:\test_idea\redcell-yolo2-keras-master\RBC_datasets\JPEGImages//BloodImage_00277.jpg 74,301,179,404,0 204,332,283,402,0 1,259,69,369,0 215,134,308,215,0 364,1,472,83,0 108,77,210,184,0 472,1,610,95,0 506,359,606,462,0 558,216,640,340,0 225,404,313,480,0 532,108,640,213,0 137,1,262,98,0 361,348,486,446,0
E:\test_idea\redcell-yolo2-keras-master\RBC_datasets\JPEGImages//BloodImage_00278.jpg 3,346,123,464,0 165,153,285,271,0 359,1,476,104,0 270,93,387,197,0 389,175,500,313,0 559,51,640,168,0 492,423,610,479,0 31,177,151,295,0 149,43,256,132,0 246,433,353,480,0 394,114,525,217,0 469,211,577,329,0
E:\test_idea\redcell-yolo2-keras-master\RBC_datasets\JPEGImages//BloodImage_00279.jpg 287,293,394,395,0 214,281,302,365,0 44,49,131,173,0 522,122,629,224,0 161,163,270,267,0 246,171,343,268,0 305,178,404,270,0 158,370,257,462,0 1,195,70,296,0 134,279,233,371,0 437,119,531,223,0 458,237,576,346,0 419,331,537,440,0
E:\test_idea\redcell-yolo2-keras-master\RBC_datasets\JPEGImages//BloodImage_00281.jpg 112,140,221,242,0 79,45,176,148,0 1,254,112,366,0 111,345,222,454,0 120,258,238,363,0 232,52,349,186,0 413,121,531,226,0 529,265,640,373,0 1,1,126,100,0 522,73,617,197,0
E:\test_idea\redcell-yolo2-keras-master\RBC_datasets\JPEGImages//BloodImage_00282.jpg 322,250,460,357,0 1,234,119,342,0 26,106,142,220,0 4,1,114,93,0 154,104,264,197,0 132,204,237,297,0 268,137,356,266,0 277,377,381,477,0 78,341,203,450,0 537,202,640,315,0 537,96,640,208,0 423,311,526,423,0 218,265,321,377,0 500,1,624,60,0
E:\test_idea\redcell-yolo2-keras-master\RBC_datasets\JPEGImages//BloodImage_00283.jpg 381,274,494,367,0 435,156,554,274,0 347,96,455,204,0 282,150,386,243,0 343,1,447,93,0 355,379,466,480,0 220,407,330,480,0 448,1,560,107,0 547,334,640,442,0 173,63,266,171,0 54,73,147,181,0 10,126,103,234,0
E:\test_idea\redcell-yolo2-keras-master\RBC_datasets\JPEGImages//BloodImage_00284.jpg 227,85,328,209,0 225,83,326,207,0 366,1,466,96,0 343,136,443,232,0 166,195,286,291,0 98,297,221,418,0 436,83,559,204,0 457,283,563,394,0 552,336,640,429,0 1,250,94,371,0
E:\test_idea\redcell-yolo2-keras-master\RBC_datasets\JPEGImages//BloodImage_00285.jpg 16,152,107,252,0 18,261,119,363,0 40,369,137,479,0 203,70,324,171,0 87,113,208,214,0 112,1,233,101,0 340,50,461,151,0 427,214,548,316,0 424,314,545,416,0 530,381,640,480,0 455,101,583,225,0
E:\test_idea\redcell-yolo2-keras-master\RBC_datasets\JPEGImages//BloodImage_00287.jpg 185,297,321,404,0 305,370,396,472,0 477,354,582,459,0 376,307,481,412,0 392,208,497,313,0 302,44,420,151,0 185,108,303,231,0 373,133,487,243,0 177,1,298,109,0 52,22,184,88,0 530,65,640,147,0 543,116,640,214,0 501,1,596,67,0 374,1,469,67,0
E:\test_idea\redcell-yolo2-keras-master\RBC_datasets\JPEGImages//BloodImage_00288.jpg 67,359,163,452,0 339,387,435,480,0 407,328,520,422,0 444,229,544,321,0 420,126,522,223,0 352,202,440,302,0 119,104,228,199,0 287,74,402,188,0 47,12,158,123,0 185,1,308,111,0 43,179,152,274,0 1,218,109,313,0 208,166,321,270,0 479,21,594,135,0 529,147,634,254,0 525,373,630,480,0 552,251,640,352,0 305,1,407,79,0
E:\test_idea\redcell-yolo2-keras-master\RBC_datasets\JPEGImages//BloodImage_00289.jpg 180,281,273,386,0 246,343,339,448,0 432,257,551,361,0 521,203,640,307,0 535,101,640,206,0 332,279,443,402,0 162,1,280,102,0 55,66,173,168,0 140,163,258,265,0 1,270,117,372,0
E:\test_idea\redcell-yolo2-keras-master\RBC_datasets\JPEGImages//BloodImage_00290.jpg 222,343,332,442,0 329,360,439,459,0 450,366,560,465,0 524,259,640,373,0 492,1,607,93,0 342,100,458,217,0 395,14,504,124,0 1,331,66,446,0 1,129,94,231,0 395,185,489,287,0 476,69,598,167,0
E:\test_idea\redcell-yolo2-keras-master\RBC_datasets\JPEGImages//BloodImage_00291.jpg 446,143,530,255,0 444,287,528,399,0 544,80,628,192,0 445,1,543,113,0 186,39,303,129,0 71,369,183,463,0 17,115,152,198,0 336,102,436,214,0 348,180,457,277,0
E:\test_idea\redcell-yolo2-keras-master\RBC_datasets\JPEGImages//BloodImage_00292.jpg 133,226,235,331,0 281,240,383,345,0 307,345,409,450,0 199,312,294,409,0 114,366,209,463,0 148,131,243,228,0 209,46,318,142,0 244,146,353,242,0 506,106,615,221,0 508,354,617,469,0 409,284,545,393,0 44,78,153,193,0 23,181,132,296,0
E:\test_idea\redcell-yolo2-keras-master\RBC_datasets\JPEGImages//BloodImage_00293.jpg 131,358,243,450,0 279,64,398,171,0 471,3,590,110,0 544,88,640,191,0 465,157,584,264,0 69,307,147,438,0 417,373,536,480,0 396,265,515,372,0 335,1,450,75,0 40,31,159,138,0
E:\test_idea\redcell-yolo2-keras-master\RBC_datasets\JPEGImages//BloodImage_00294.jpg 463,73,558,188,0 292,75,387,190,0 202,11,330,115,0 115,18,215,108,0 71,101,171,191,0 162,109,262,199,0 106,189,209,293,0 159,348,262,452,0 205,195,308,299,0 383,376,543,472,0
E:\test_idea\redcell-yolo2-keras-master\RBC_datasets\JPEGImages//BloodImage_00295.jpg 20,192,109,296,0 314,277,423,371,0 477,196,590,289,0 488,303,601,408,0 377,82,490,187,0 112,56,207,148,0 164,388,259,480,0 397,366,492,458,0 233,15,328,107,0 319,249,428,343,0 41,204,130,308,0
E:\test_idea\redcell-yolo2-keras-master\RBC_datasets\JPEGImages//BloodImage_00296.jpg 20,255,137,355,0 116,329,223,430,0 5,361,112,462,0 210,255,321,388,0 496,139,603,240,0 551,1,640,101,0 494,245,602,361,0 543,344,640,467,0 1,94,108,210,0 131,1,241,95,0 117,170,226,288,0 386,318,494,458,0
E:\test_idea\redcell-yolo2-keras-master\RBC_datasets\JPEGImages//BloodImage_00297.jpg 400,263,511,350,0 393,346,504,433,0 332,45,440,153,0 148,17,256,125,0 54,361,146,450,0 43,205,127,311,0 325,153,438,266,0 468,156,581,269,0 104,289,196,378,0
E:\test_idea\redcell-yolo2-keras-master\RBC_datasets\JPEGImages//BloodImage_00298.jpg 405,331,503,429,0 352,207,455,312,0 332,90,410,193,0 528,156,618,254,0 509,317,599,415,0 52,395,161,480,0 176,132,277,213,0 549,49,640,150,0 473,249,576,354,0
E:\test_idea\redcell-yolo2-keras-master\RBC_datasets\JPEGImages//BloodImage_00299.jpg 480,301,587,409,0 204,82,311,190,0 33,79,140,187,0 102,9,233,140,0 402,212,514,308,0 9,359,115,449,0 1,299,102,410,0 424,35,526,122,0
E:\test_idea\redcell-yolo2-keras-master\RBC_datasets\JPEGImages//BloodImage_00300.jpg 379,136,486,246,0 474,168,581,278,0 388,300,495,410,0 266,331,373,441,0 201,361,308,471,0 19,297,141,404,0 359,21,495,124,0 1,58,92,159,0 219,33,355,136,0 133,281,240,391,0 505,328,612,438,0 487,1,594,105,0 11,406,138,480,0
E:\test_idea\redcell-yolo2-keras-master\RBC_datasets\JPEGImages//BloodImage_00301.jpg 278,196,366,291,0 359,239,447,334,0 523,110,611,205,0 447,198,568,309,0 183,95,304,206,0 164,201,268,307,0 191,1,295,105,0 90,171,194,277,0 496,304,600,410,0 271,338,375,444,0 157,370,261,476,0 1,311,104,417,0 104,285,208,391,0
E:\test_idea\redcell-yolo2-keras-master\RBC_datasets\JPEGImages//BloodImage_00302.jpg 99,391,217,471,0 121,275,252,388,0 106,19,236,136,0 213,63,336,178,0 511,294,623,410,0 461,320,567,413,0 400,339,491,433,0 343,341,419,433,0 295,344,375,443,0 290,241,404,335,0 429,187,543,281,0 120,143,248,270,0
E:\test_idea\redcell-yolo2-keras-master\RBC_datasets\JPEGImages//BloodImage_00304.jpg 73,30,181,134,0 41,133,147,254,0 260,321,366,442,0 107,360,209,449,0 146,372,248,461,0 1,267,79,371,0 366,254,458,350,0 406,139,513,235,0 431,1,538,96,0 279,26,386,122,0 488,53,600,162,0
E:\test_idea\redcell-yolo2-keras-master\RBC_datasets\JPEGImages//BloodImage_00305.jpg 314,316,424,422,0 425,292,552,403,0 407,400,539,480,0 289,174,418,283,0 139,60,268,169,0 265,49,363,149,0 341,88,442,180,0 543,1,640,104,0 543,118,640,222,0 453,179,564,297,0 167,386,278,480,0 92,309,204,420,0 86,202,198,313,0
E:\test_idea\redcell-yolo2-keras-master\RBC_datasets\JPEGImages//BloodImage_00307.jpg 81,18,194,115,0 43,259,144,351,0 347,355,448,447,0 97,362,198,454,0 195,167,297,277,0 399,232,501,342,0 536,274,638,384,0 559,136,640,245,0 66,136,153,241,0 266,181,368,291,0 254,268,356,378,0 225,358,328,457,0
E:\test_idea\redcell-yolo2-keras-master\RBC_datasets\JPEGImages//BloodImage_00308.jpg 184,105,287,227,0 75,85,186,204,0 291,195,407,333,0 500,313,609,417,0 269,54,366,155,0 128,1,222,72,0 479,172,576,273,0 508,28,626,143,0 1,170,90,279,0 415,322,501,417,0 387,96,484,197,0
E:\test_idea\redcell-yolo2-keras-master\RBC_datasets\JPEGImages//BloodImage_00309.jpg 216,279,330,379,0 117,345,230,475,0 452,314,566,414,0 385,317,499,417,0 505,222,608,325,0 488,179,588,271,0 477,57,577,149,0 426,70,526,162,0 376,169,482,272,0 1,179,96,278,0 1,1,96,98,0 286,197,382,296,0
E:\test_idea\redcell-yolo2-keras-master\RBC_datasets\JPEGImages//BloodImage_00310.jpg 20,314,137,432,0 294,70,389,173,0 168,18,291,112,0 378,53,485,149,0 357,383,464,479,0 388,214,495,310,0 383,166,490,262,0 504,66,613,195,0 108,28,202,134,0 181,343,275,449,0 435,310,550,414,0
E:\test_idea\redcell-yolo2-keras-master\RBC_datasets\JPEGImages//BloodImage_00311.jpg 427,87,533,181,0 399,169,506,270,0 429,1,538,78,0 39,95,144,201,0 283,328,401,435,0 418,260,536,367,0 1,168,72,254,0 22,283,146,377,0
E:\test_idea\redcell-yolo2-keras-master\RBC_datasets\JPEGImages//BloodImage_00312.jpg 98,203,197,294,0 172,184,271,275,0 485,296,584,395,0 534,138,633,237,0 447,381,563,478,0 316,98,432,195,0 567,337,640,463,0
E:\test_idea\redcell-yolo2-keras-master\RBC_datasets\JPEGImages//BloodImage_00313.jpg 24,94,131,202,0 402,251,525,358,0 411,373,534,480,0 538,1,637,106,0 342,154,434,249,0 452,73,559,172,0 99,228,206,327,0 36,239,156,344,0 156,63,260,168,0 388,165,476,250,0
E:\test_idea\redcell-yolo2-keras-master\RBC_datasets\JPEGImages//BloodImage_00314.jpg 445,41,545,138,0 471,210,571,307,0 1,1,100,97,0 3,130,103,227,0 63,267,163,364,0 340,324,454,423,0 526,212,637,340,0 256,257,360,341,0 336,127,437,217,0 353,389,454,480,0
E:\test_idea\redcell-yolo2-keras-master\RBC_datasets\JPEGImages//BloodImage_00315.jpg 164,261,297,364,0 15,66,148,169,0 13,234,132,333,0 239,3,354,107,0 542,109,640,214,0 441,293,539,398,0 273,198,383,309,0 148,129,277,251,0 363,69,466,160,0 382,190,469,296,0
E:\test_idea\redcell-yolo2-keras-master\RBC_datasets\JPEGImages//BloodImage_00317.jpg 525,356,634,462,0 432,339,541,445,0 131,361,224,465,0 309,280,428,401,0 359,196,478,317,0 390,1,501,113,0 473,200,572,297,0 47,93,154,204,0 57,290,179,390,0 206,279,311,374,0 216,385,321,480,0 114,26,219,137,0 192,1,291,92,0
E:\test_idea\redcell-yolo2-keras-master\RBC_datasets\JPEGImages//BloodImage_00318.jpg 94,247,201,335,0 35,392,142,480,0 252,25,359,114,0 466,325,577,446,0 377,60,488,182,0 397,400,504,480,0 66,139,162,216,0 96,23,209,136,0 470,95,560,212,0 125,133,219,217,0 1,268,82,392,0
E:\test_idea\redcell-yolo2-keras-master\RBC_datasets\JPEGImages//BloodImage_00319.jpg 416,371,512,478,0 460,90,566,195,0 414,245,532,340,0 188,274,278,374,0 117,344,216,440,0 148,392,250,470,0 309,65,418,168,0 403,265,493,359,0 565,117,638,224,0 555,39,640,132,0
E:\test_idea\redcell-yolo2-keras-master\RBC_datasets\JPEGImages//BloodImage_00320.jpg 349,249,476,362,0 255,277,363,402,0 163,317,264,399,0 132,349,242,434,0 1,376,96,476,0 85,90,165,186,0 532,147,629,253,0 445,364,550,463,0 437,54,548,159,0 303,53,395,141,0 254,28,344,122,0
E:\test_idea\redcell-yolo2-keras-master\RBC_datasets\JPEGImages//BloodImage_00324.jpg 376,191,476,294,0 326,189,429,317,0 484,213,601,325,0 529,314,631,411,0 201,206,310,316,0 22,105,114,201,0 11,324,103,422,0 519,22,608,106,0 231,117,319,206,0 57,350,177,465,0 244,349,369,449,0
E:\test_idea\redcell-yolo2-keras-master\RBC_datasets\JPEGImages//BloodImage_00325.jpg 480,357,601,472,0 370,202,491,317,0 376,124,466,206,0 75,160,139,274,0 85,258,182,347,0 72,1,157,79,0 221,19,316,108,0 265,51,390,151,0 459,79,549,161,0 253,321,415,388,0 240,329,341,422,0
E:\test_idea\redcell-yolo2-keras-master\RBC_datasets\JPEGImages//BloodImage_00326.jpg 372,64,499,195,0 421,267,545,367,0 95,174,211,270,0 293,194,399,284,0 328,1,456,71,0 88,57,190,158,0 534,22,639,127,0 483,100,582,222,0 529,411,621,480,0 173,3,262,103,0
E:\test_idea\redcell-yolo2-keras-master\RBC_datasets\JPEGImages//BloodImage_00331.jpg 124,195,240,294,0 182,281,289,370,0 180,279,287,368,0 343,199,456,310,0 424,277,549,379,0 180,106,282,210,0 238,352,329,451,0 333,316,457,438,0 436,107,520,208,0 1,77,105,178,0 1,157,82,264,0 23,250,140,351,0 516,70,628,168,0 144,20,253,123,0
E:\test_idea\redcell-yolo2-keras-master\RBC_datasets\JPEGImages//BloodImage_00332.jpg 146,267,241,371,0 44,253,152,359,0 149,124,257,230,0 440,296,550,414,0 269,104,379,222,0 530,107,639,200,0 518,173,627,283,0 531,31,640,130,0 269,6,376,108,0
E:\test_idea\redcell-yolo2-keras-master\RBC_datasets\JPEGImages//BloodImage_00333.jpg 183,144,260,287,0 129,40,249,141,0 86,153,181,244,0 56,233,164,332,0 205,313,319,425,0 256,211,362,309,0 335,149,454,246,0 10,329,125,453,0 1,79,110,187,0 334,40,426,152,0 376,31,500,152,0 498,257,603,361,0 511,322,607,414,0 474,121,571,210,0
E:\test_idea\redcell-yolo2-keras-master\RBC_datasets\JPEGImages//BloodImage_00334.jpg 201,300,295,392,0 301,346,382,439,0 535,199,640,312,0 131,100,272,213,0 35,254,167,368,0 493,385,610,480,0 313,31,445,125,0 104,383,211,480,0 472,114,580,213,0 548,310,640,411,0
E:\test_idea\redcell-yolo2-keras-master\RBC_datasets\JPEGImages//BloodImage_00335.jpg 220,222,326,315,0 363,4,471,122,0 422,150,507,252,0 256,4,362,109,0 116,128,261,238,0 379,288,494,390,0 86,232,163,309,0 62,376,161,470,0 101,29,210,141,0 250,126,358,227,0 175,368,272,480,0
E:\test_idea\redcell-yolo2-keras-master\RBC_datasets\JPEGImages//BloodImage_00336.jpg 62,73,165,175,0 236,216,345,348,0 129,300,229,396,0 365,306,494,425,0 494,36,593,138,0 177,25,273,132,0 64,192,182,284,0 45,368,146,446,0 528,289,632,389,0 57,254,225,325,0
E:\test_idea\redcell-yolo2-keras-master\RBC_datasets\JPEGImages//BloodImage_00337.jpg 395,222,495,322,0 47,116,138,212,0 140,105,221,211,0 83,372,177,456,0 469,272,518,419,0 535,289,631,383,0 353,309,474,416,0 483,96,577,186,0 529,87,628,173,0 357,67,451,164,0 19,257,105,352,0 11,305,102,397,0 283,102,358,206,0
E:\test_idea\redcell-yolo2-keras-master\RBC_datasets\JPEGImages//BloodImage_00338.jpg 453,81,555,182,0 476,171,599,307,0 346,212,455,316,0 24,113,127,207,0 163,31,289,131,0 83,303,175,382,0 304,64,413,174,0 60,61,153,157,0 174,321,265,406,0 191,164,292,245,0 91,181,190,276,0 169,202,263,278,0 504,337,504,337,0
E:\test_idea\redcell-yolo2-keras-master\RBC_datasets\JPEGImages//BloodImage_00339.jpg 378,278,489,374,0 448,67,580,177,0 308,23,409,145,0 10,220,117,337,0 65,190,181,319,0 171,66,279,185,0 136,329,259,442,0 229,322,350,414,0 25,368,160,477,0 370,382,489,477,0 525,8,638,93,0 20,28,141,147,0 510,259,608,359,0 566,152,640,265,0 424,163,581,278,0
E:\test_idea\redcell-yolo2-keras-master\RBC_datasets\JPEGImages//BloodImage_00340.jpg 307,247,424,357,0 401,44,531,158,0 162,51,279,166,0 56,93,171,213,0 47,191,169,313,0 119,326,245,419,0 228,153,348,267,0 152,225,284,326,0 436,170,539,269,0 296,1,421,73,0 491,150,580,277,0
E:\test_idea\redcell-yolo2-keras-master\RBC_datasets\JPEGImages//BloodImage_00341.jpg 146,180,251,296,0 49,276,179,378,0 33,129,153,248,0 58,45,175,141,0 267,292,355,405,0 152,322,265,428,0 325,1,462,104,0 53,390,160,477,0 347,340,469,436,0
E:\test_idea\redcell-yolo2-keras-master\RBC_datasets\JPEGImages//BloodImage_00342.jpg 316,11,426,121,0 470,100,580,210,0 58,69,138,178,0 425,220,526,328,0 74,324,192,422,0 203,1,302,72,0 492,413,578,480,0 322,256,440,366,0
E:\test_idea\redcell-yolo2-keras-master\RBC_datasets\JPEGImages//BloodImage_00343.jpg 484,195,613,303,0 525,299,637,396,0 96,157,227,244,0 181,329,181,329,0 256,200,376,307,0 523,1,640,119,0 32,5,133,98,0 132,22,201,145,0 338,325,429,444,0
E:\test_idea\redcell-yolo2-keras-master\RBC_datasets\JPEGImages//BloodImage_00344.jpg 529,174,618,260,0 347,290,449,407,0 4,347,100,437,0 383,413,516,478,0 254,391,372,480,0 246,297,353,401,0 347,1,483,104,0 505,362,616,455,0 41,12,129,149,0 318,117,441,213,0 30,236,147,329,0 84,321,192,413,0
E:\test_idea\redcell-yolo2-keras-master\RBC_datasets\JPEGImages//BloodImage_00345.jpg 203,266,335,392,0 477,253,561,339,0 375,290,481,380,0 392,152,488,232,0 277,178,387,266,0 183,76,275,169,0 64,48,172,159,0 286,19,404,121,0 452,51,565,159,0 78,279,178,371,0 40,166,148,281,0 305,367,414,474,0
E:\test_idea\redcell-yolo2-keras-master\RBC_datasets\JPEGImages//BloodImage_00346.jpg 403,68,502,168,0 138,201,245,303,0 288,105,370,200,0 320,157,425,278,0 222,40,309,143,0 409,244,536,354,0 489,99,616,219,0 35,156,168,234,0 16,365,117,459,0 36,1,121,86,0 138,45,238,159,0 319,1,432,79,0 566,348,640,463,0
E:\test_idea\redcell-yolo2-keras-master\RBC_datasets\JPEGImages//BloodImage_00347.jpg 109,196,225,295,0 176,296,277,400,0 116,309,208,399,0 187,1,302,108,0 451,350,553,454,0 456,173,563,284,0 439,225,545,327,0 261,129,371,224,0 560,72,640,190,0 538,1,639,69,0 450,1,551,69,0 327,1,428,92,0 421,64,520,161,0 228,109,327,206,0 72,45,171,142,0 17,245,124,356,0 255,233,356,305,0 552,233,640,337,0
E:\test_idea\redcell-yolo2-keras-master\RBC_datasets\JPEGImages//BloodImage_00348.jpg 214,350,310,453,0 439,294,524,382,0 103,220,224,322,0 273,214,389,303,0 525,283,630,368,0 504,395,619,480,0 93,413,204,480,0 7,353,125,440,0 373,116,470,221,0 464,122,551,229,0 288,84,375,191,0 335,273,445,366,0 569,195,640,286,0 395,389,508,480,0
E:\test_idea\redcell-yolo2-keras-master\RBC_datasets\JPEGImages//BloodImage_00349.jpg 400,48,497,176,0 520,188,621,293,0 470,1,577,88,0 139,179,247,275,0 194,348,303,462,0 344,362,446,454,0 134,270,242,366,0 100,363,211,479,0 252,116,363,190,0 234,1,299,115,0 512,80,604,170,0 452,350,547,448,0 1,241,92,346,0
E:\test_idea\redcell-yolo2-keras-master\RBC_datasets\JPEGImages//BloodImage_00351.jpg 115,108,229,221,0 47,25,147,137,0 226,72,295,173,0 204,177,316,287,0 192,282,290,381,0 300,247,411,352,0 504,353,633,470,0 23,230,124,334,0 43,292,166,417,0 314,139,420,240,0 455,45,588,130,0 309,1,423,86,0 223,1,317,81,0 371,360,489,480,0
E:\test_idea\redcell-yolo2-keras-master\RBC_datasets\JPEGImages//BloodImage_00352.jpg 316,20,432,111,0 34,93,156,194,0 40,203,147,296,0 108,186,224,313,0 234,202,287,336,0 242,269,342,375,0 45,349,150,457,0 313,122,462,214,0 508,136,613,257,0 193,405,320,480,0 147,318,233,432,0 119,13,235,118,0
E:\test_idea\redcell-yolo2-keras-master\RBC_datasets\JPEGImages//BloodImage_00353.jpg 52,332,161,452,0 176,315,319,416,0 34,48,152,156,0 320,42,438,150,0 204,83,323,203,0 536,196,635,295,0 83,174,186,278,0 121,144,205,229,0 189,211,303,301,0 147,14,236,106,0 501,73,615,170,0 1,141,80,259,0 485,176,546,240,0
E:\test_idea\redcell-yolo2-keras-master\RBC_datasets\JPEGImages//BloodImage_00354.jpg 369,40,470,152,0 473,156,574,268,0 446,278,569,386,0 534,364,640,462,0 405,371,511,480,0 559,97,640,204,0 469,1,562,89,0 277,343,352,453,0 209,352,329,443,0 96,345,201,455,0 374,143,465,225,0 183,27,283,120,0 41,201,141,294,0 106,10,203,119,0 26,94,139,209,0
E:\test_idea\redcell-yolo2-keras-master\RBC_datasets\JPEGImages//BloodImage_00355.jpg 27,135,146,245,0 192,228,307,368,0 67,24,186,134,0 282,168,381,281,0 271,338,372,448,0 67,246,178,345,0 63,307,174,406,0 336,1,445,81,0 493,105,591,199,0 433,50,507,139,0 476,1,555,95,0 555,19,640,123,0 280,68,383,159,0 370,143,490,228,0
E:\test_idea\redcell-yolo2-keras-master\RBC_datasets\JPEGImages//BloodImage_00356.jpg 279,310,396,422,0 373,191,491,275,0 447,355,554,448,0 504,156,609,265,0 499,303,600,395,0 419,413,512,480,0 59,353,142,450,0 203,118,302,213,0 487,7,586,102,0 361,94,479,187,0 29,12,128,107,0 96,102,200,192,0 228,4,331,103,0 325,1,433,79,0 126,1,221,99,0 1,196,106,285,0
E:\test_idea\redcell-yolo2-keras-master\RBC_datasets\JPEGImages//BloodImage_00357.jpg 5,249,90,354,0 210,8,323,118,0 158,283,256,394,0 83,399,166,480,0 534,13,635,116,0 409,85,499,173,0 247,225,360,325,0 268,293,381,393,0 84,179,192,293,0 155,157,263,271,0 150,1,256,111,0 333,361,433,431,0 1,112,90,200,0
E:\test_idea\redcell-yolo2-keras-master\RBC_datasets\JPEGImages//BloodImage_00359.jpg 225,233,324,324,0 483,222,562,302,0 358,181,467,287,0 335,369,444,475,0 221,352,330,458,0 378,279,488,378,0 423,32,511,125,0 515,289,629,384,0 22,73,129,171,0 125,75,224,166,0 224,18,327,124,0 326,73,427,190,0 554,40,640,165,0 143,1,242,65,0
E:\test_idea\redcell-yolo2-keras-master\RBC_datasets\JPEGImages//BloodImage_00360.jpg 42,242,140,361,0 54,56,152,175,0 146,265,244,384,0 449,311,560,428,0 200,142,304,253,0 205,59,313,147,0 529,238,628,331,0 220,377,334,479,0 133,394,232,480,0 329,129,456,224,0 291,1,400,84,0
E:\test_idea\redcell-yolo2-keras-master\RBC_datasets\JPEGImages//BloodImage_00361.jpg 457,164,553,251,0 501,261,586,351,0 570,303,640,406,0 472,353,579,445,0 44,310,136,403,0 25,394,138,479,0 121,274,244,394,0 162,140,259,249,0 19,1,98,87,0 153,47,254,137,0 232,415,318,480,0 95,38,192,158,0 574,208,640,300,0 225,223,321,310,0
E:\test_idea\redcell-yolo2-keras-master\RBC_datasets\JPEGImages//BloodImage_00362.jpg 212,274,320,379,0 120,244,216,347,0 242,157,338,260,0 85,133,196,241,0 509,97,620,205,0 139,3,250,111,0 392,101,520,214,0 319,136,480,224,0 360,248,502,348,0 460,286,573,392,0 482,398,583,480,0
E:\test_idea\redcell-yolo2-keras-master\RBC_datasets\JPEGImages//BloodImage_00364.jpg 186,102,270,197,0 520,118,604,213,0 556,301,640,396,0 146,200,259,304,0 253,174,354,281,0 189,292,281,400,0 418,246,522,353,0 37,236,138,334,0 77,1,201,90,0 336,408,457,480,0 348,151,449,258,0 538,214,640,290,0 51,100,155,217,0 74,325,176,434,0
E:\test_idea\redcell-yolo2-keras-master\RBC_datasets\JPEGImages//BloodImage_00365.jpg 200,336,303,433,0 1,370,86,468,0 271,113,421,193,0 167,249,292,329,0 238,24,358,113,0 65,7,169,109,0 304,251,410,357,0 395,220,511,320,0 417,304,538,407,0 522,103,633,214,0 525,185,616,296,0 329,409,429,480,0
E:\test_idea\redcell-yolo2-keras-master\RBC_datasets\JPEGImages//BloodImage_00366.jpg 343,130,454,231,0 329,262,440,363,0 365,354,476,455,0 143,75,254,176,0 72,18,153,99,0 142,250,243,349,0 67,271,168,370,0 130,348,235,440,0 469,81,574,173,0 444,254,566,355,0 535,162,640,284,0 348,7,453,99,0 388,18,493,110,0 529,327,634,419,0
E:\test_idea\redcell-yolo2-keras-master\RBC_datasets\JPEGImages//BloodImage_00367.jpg 285,367,386,480,0 386,360,492,453,0 293,67,402,167,0 392,17,507,137,0 296,268,410,362,0 203,1,321,89,0 345,178,429,283,0 535,1,638,106,0 415,146,519,253,0 436,258,539,355,0 120,52,222,159,0 518,134,613,235,0 508,355,623,440,0 1,96,85,205,0
E:\test_idea\redcell-yolo2-keras-master\RBC_datasets\JPEGImages//BloodImage_00368.jpg 260,359,397,454,0 303,288,396,379,0 440,344,558,442,0 364,54,467,152,0 231,87,337,177,0 262,164,357,250,0 128,27,256,140,0 438,1,531,95,0 483,1,598,100,0 366,217,512,334,0 370,144,482,237,0 122,325,237,451,0 507,176,611,282,0
E:\test_idea\redcell-yolo2-keras-master\RBC_datasets\JPEGImages//BloodImage_00369.jpg 275,289,370,408,0 392,304,488,382,0 11,251,125,352,0 128,307,224,421,0 7,333,119,442,0 159,137,270,243,0 502,242,620,344,0 401,378,520,470,0 242,113,348,234,0 1,80,98,178,0 1,169,111,273,0 111,49,228,147,0 388,43,499,117,0 496,29,599,150,0 237,412,342,480,0 300,1,397,85,0 69,1,163,85,0
E:\test_idea\redcell-yolo2-keras-master\RBC_datasets\JPEGImages//BloodImage_00370.jpg 18,68,133,164,0 20,168,129,259,0 95,253,205,355,0 24,327,138,423,0 151,350,264,434,0 242,346,358,440,0 362,348,468,458,0 442,353,543,436,0 452,246,552,354,0 494,213,617,290,0 473,127,597,208,0 323,47,433,143,0 483,1,597,117,0 173,83,294,216,0
E:\test_idea\redcell-yolo2-keras-master\RBC_datasets\JPEGImages//BloodImage_00371.jpg 39,369,140,467,0 12,284,109,380,0 530,207,640,300,0 298,249,400,368,0 390,39,490,156,0 79,11,179,105,0 384,264,499,354,0 10,83,111,182,0 48,151,151,253,0 173,275,272,373,0 523,370,629,472,0 182,10,278,94,0
E:\test_idea\redcell-yolo2-keras-master\RBC_datasets\JPEGImages//BloodImage_00372.jpg 134,247,249,359,0 356,62,471,174,0 404,287,519,399,0 324,178,397,295,0 143,131,267,246,0 276,364,383,472,0 144,353,272,451,0 498,211,613,323,0 483,377,583,480,0 325,1,441,73,0 257,180,372,290,0 66,349,188,446,0
E:\test_idea\redcell-yolo2-keras-master\RBC_datasets\JPEGImages//BloodImage_00374.jpg 241,95,358,213,0 387,296,504,414,0 485,332,602,450,0 526,127,640,226,0 555,225,640,344,0 439,202,544,299,0 407,89,512,186,0 434,2,539,99,0 107,28,212,125,0
E:\test_idea\redcell-yolo2-keras-master\RBC_datasets\JPEGImages//BloodImage_00375.jpg 77,250,177,343,0 183,297,270,391,0 259,294,356,400,0 434,292,541,392,0 520,273,628,389,0 42,383,143,473,0 101,113,211,233,0 2,112,103,202,0 333,199,436,301,0 429,160,531,247,0 534,37,636,124,0 38,11,149,112,0
E:\test_idea\redcell-yolo2-keras-master\RBC_datasets\JPEGImages//BloodImage_00376.jpg 259,64,383,166,0 168,290,279,398,0 278,188,370,299,0 453,77,560,182,0 365,163,460,269,0 82,7,177,113,0 1,237,72,366,0 536,160,637,277,0 321,289,407,383,0 46,401,158,480,0
E:\test_idea\redcell-yolo2-keras-master\RBC_datasets\JPEGImages//BloodImage_00377.jpg 448,244,566,350,0 238,215,333,310,0 15,280,103,406,0 239,70,353,167,0 467,13,590,126,0 412,130,520,236,0 329,137,447,254,0 355,385,474,480,0 340,259,442,359,0 174,138,274,233,0 98,47,196,164,0 102,156,192,277,0 161,1,271,77,0
E:\test_idea\redcell-yolo2-keras-master\RBC_datasets\JPEGImages//BloodImage_00378.jpg 26,217,124,319,0 131,225,229,327,0 64,115,162,217,0 1,113,82,213,0 265,173,360,271,0 166,131,292,222,0 138,64,256,137,0 34,1,150,81,0 462,54,592,162,0 345,1,471,74,0 248,71,349,173,0 420,181,524,299,0 478,167,582,269,0 69,369,167,471,0 376,293,474,395,0
E:\test_idea\redcell-yolo2-keras-master\RBC_datasets\JPEGImages//BloodImage_00379.jpg 437,29,531,114,0 279,58,384,155,0 133,96,237,179,0 23,67,102,192,0 488,147,603,275,0 291,158,396,255,0 226,162,318,259,0 271,320,376,417,0 319,258,434,358,0 385,213,500,313,0 501,301,616,401,0 117,174,214,265,0 73,184,170,275,0 105,273,222,368,0 187,368,304,463,0 159,1,303,96,0 417,314,511,399,0 404,365,498,450,0
E:\test_idea\redcell-yolo2-keras-master\RBC_datasets\JPEGImages//BloodImage_00381.jpg 208,290,310,380,0 313,310,423,401,0 469,338,579,443,0 530,169,640,274,0 211,166,321,271,0 207,64,317,169,0 292,34,414,154,0 367,139,471,240,0 425,106,539,223,0 417,233,531,319,0 455,1,574,101,0 139,86,229,191,0 1,103,101,207,0 10,200,110,298,0 416,249,500,362,0
E:\test_idea\redcell-yolo2-keras-master\RBC_datasets\JPEGImages//BloodImage_00382.jpg 1,345,70,441,0 37,271,143,376,0 125,217,231,322,0 142,367,248,472,0 218,296,315,391,0 283,368,377,478,0 438,250,552,358,0 411,133,523,243,0 70,49,175,159,0 430,13,535,123,0 319,258,433,366,0 420,386,522,480,0 559,330,640,439,0
E:\test_idea\redcell-yolo2-keras-master\RBC_datasets\JPEGImages//BloodImage_00383.jpg 64,264,174,351,0 387,92,496,212,0 522,208,631,328,0 1,42,92,162,0 76,67,193,183,0 57,138,174,254,0 1,346,104,454,0 309,1,419,87,0
E:\test_idea\redcell-yolo2-keras-master\RBC_datasets\JPEGImages//BloodImage_00384.jpg 173,274,305,360,0 112,349,236,473,0 108,77,232,201,0 300,93,423,207,0 350,1,478,101,0 291,201,403,314,0 317,321,455,445,0 434,89,568,185,0 540,103,640,218,0 95,1,200,74,0
E:\test_idea\redcell-yolo2-keras-master\RBC_datasets\JPEGImages//BloodImage_00385.jpg 421,185,538,289,0 149,207,266,311,0 86,143,169,231,0 98,17,209,137,0 1,1,107,109,0 10,250,125,362,0 1,367,115,480,0 129,324,227,423,0 290,211,407,315,0 485,1,602,104,0 368,1,482,79,0 436,332,538,436,0 567,299,640,404,0 265,102,390,220,0
E:\test_idea\redcell-yolo2-keras-master\RBC_datasets\JPEGImages//BloodImage_00386.jpg 1,305,106,423,0 197,72,297,163,0 288,352,394,470,0 467,235,592,356,0 443,390,543,479,0 443,32,541,140,0 532,20,640,145,0 449,150,575,248,0 320,1,446,98,0 324,93,450,191,0 329,195,455,293,0 115,307,241,405,0 154,405,274,480,0 1,102,123,213,0
E:\test_idea\redcell-yolo2-keras-master\RBC_datasets\JPEGImages//BloodImage_00387.jpg 54,262,161,385,0 278,49,385,172,0 149,159,283,258,0 456,215,553,315,0 508,149,605,249,0 438,17,540,147,0 1,71,113,196,0 64,1,168,94,0 543,65,640,165,0 543,258,640,364,0
E:\test_idea\redcell-yolo2-keras-master\RBC_datasets\JPEGImages//BloodImage_00388.jpg 397,165,547,278,0 352,269,483,395,0 284,375,395,480,0 184,316,289,434,0 146,229,251,347,0 52,278,150,395,0 100,133,238,228,0 204,55,300,157,0 394,38,504,130,0 450,411,557,480,0
E:\test_idea\redcell-yolo2-keras-master\RBC_datasets\JPEGImages//BloodImage_00389.jpg 191,367,300,479,0 406,366,515,478,0 93,208,212,324,0 305,79,424,195,0 529,197,640,311,0
E:\test_idea\redcell-yolo2-keras-master\RBC_datasets\JPEGImages//BloodImage_00390.jpg 30,213,160,306,0 1,386,85,477,0 73,320,177,424,0 496,46,610,169,0 344,47,465,196,0 555,135,640,247,0 534,357,640,480,0 338,228,452,351,0 344,357,458,480,0 202,112,341,259,0
E:\test_idea\redcell-yolo2-keras-master\RBC_datasets\JPEGImages//BloodImage_00391.jpg 19,312,133,440,0 308,365,422,480,0 500,244,619,359,0 474,151,600,257,0 565,26,640,152,0 472,33,565,149,0 346,1,472,106,0 356,104,473,197,0 217,85,334,178,0 378,205,474,304,0 467,395,567,480,0 190,408,291,480,0 149,317,260,411,0 1,109,129,220,0
E:\test_idea\redcell-yolo2-keras-master\RBC_datasets\JPEGImages//BloodImage_00392.jpg 135,331,265,453,0 379,118,509,240,0 496,74,626,196,0 537,218,640,322,0 505,322,614,434,0 400,363,509,475,0 286,365,395,477,0 258,281,397,381,0 1,139,119,261,0 111,241,231,332,0 298,20,392,122,0 11,52,128,159,0 191,1,292,78,0 414,1,515,78,0
E:\test_idea\redcell-yolo2-keras-master\RBC_datasets\JPEGImages//BloodImage_00393.jpg 398,290,519,416,0 141,240,275,366,0 1,189,120,278,0 1,373,86,480,0 125,15,247,124,0 105,122,227,231,0 276,394,388,479,0 539,12,624,95,0 354,20,485,134,0 256,1,369,104,0 321,271,431,378,0
E:\test_idea\redcell-yolo2-keras-master\RBC_datasets\JPEGImages//BloodImage_00395.jpg 25,90,127,209,0 6,1,108,98,0 109,1,232,77,0 274,6,389,118,0 364,173,479,289,0 86,266,183,368,0 1,314,96,424,0 177,331,273,441,0 283,306,380,406,0 392,296,504,397,0 501,370,613,471,0 388,62,486,163,0 233,412,324,479,0 90,412,202,478,0
E:\test_idea\redcell-yolo2-keras-master\RBC_datasets\JPEGImages//BloodImage_00396.jpg 474,110,596,231,0 429,259,537,382,0 121,141,214,245,0 295,25,388,129,0 471,1,572,102,0 1,285,101,387,0 163,236,264,338,0 101,313,214,411,0 213,321,326,419,0 543,286,640,386,0 398,59,495,159,0 106,387,198,461,0 2,20,129,120,0 213,98,283,231,0 347,357,449,460,0 16,174,118,277,0 539,402,640,480,0
E:\test_idea\redcell-yolo2-keras-master\RBC_datasets\JPEGImages//BloodImage_00397.jpg 68,154,165,249,0 1,145,66,260,0 207,160,334,270,0 435,347,540,437,0 535,356,639,464,0 446,221,550,329,0 509,94,640,207,0 456,3,560,111,0 354,144,458,252,0 169,317,277,455,0 64,302,166,406,0 74,200,176,304,0 141,18,217,109,0 316,47,409,141,0 356,1,465,56,0 35,65,128,159,0 66,371,181,463,0
E:\test_idea\redcell-yolo2-keras-master\RBC_datasets\JPEGImages//BloodImage_00398.jpg 1,260,89,378,0 72,105,182,229,0 340,215,429,318,0 206,247,320,330,0 287,311,409,412,0 167,348,289,449,0 351,6,447,103,0 404,86,532,171,0 450,374,562,480,0 435,259,562,362,0 23,377,142,480,0 160,10,256,107,0 509,147,605,244,0 474,1,571,77,0
E:\test_idea\redcell-yolo2-keras-master\RBC_datasets\JPEGImages//BloodImage_00400.jpg 462,368,597,462,0 376,104,510,208,0 219,224,347,315,0 124,286,222,390,0 69,393,174,479,0 219,325,327,425,0 293,291,416,409,0 362,203,470,303,0 35,1,131,115,0 461,195,561,296,0 374,1,482,100,0 1,110,76,242,0
E:\test_idea\redcell-yolo2-keras-master\RBC_datasets\JPEGImages//BloodImage_00402.jpg 11,43,111,146,0 1,166,107,293,0 93,327,189,425,0 108,176,224,286,0 221,41,337,151,0 348,377,440,480,0 171,377,271,480,0 329,147,447,250,0 459,29,538,123,0 508,148,614,251,0 546,41,638,133,0 337,250,454,368,0 262,135,362,232,0
E:\test_idea\redcell-yolo2-keras-master\RBC_datasets\JPEGImages//BloodImage_00403.jpg 454,197,581,300,0 303,284,374,389,0 339,159,466,262,0 337,157,464,260,0 323,120,407,201,0 234,84,361,187,0 211,1,317,108,0 1,14,90,122,0 1,138,63,239,0 210,336,316,444,0 9,371,112,469,0 11,272,114,370,0 78,368,183,449,0 490,10,590,116,0 556,126,640,197,0
E:\test_idea\redcell-yolo2-keras-master\RBC_datasets\JPEGImages//BloodImage_00404.jpg 398,196,529,282,0 416,53,537,168,0 543,62,640,177,0 279,43,383,147,0 188,355,292,447,0 284,348,360,434,0 339,306,440,407,0 397,344,522,433,0 434,296,559,385,0 1,364,93,468,0 70,71,190,157,0 185,1,306,70,0 574,179,640,288,0
E:\test_idea\redcell-yolo2-keras-master\RBC_datasets\JPEGImages//BloodImage_00405.jpg 53,306,162,412,0 1,203,68,322,0 162,114,271,220,0 110,82,221,197,0 151,1,245,89,0 243,1,337,89,0 509,206,613,303,0 479,105,583,202,0 376,142,480,239,0 238,235,360,338,0 176,212,291,315,0 158,320,256,449,0 307,336,378,455,0 316,1,451,153,0
E:\test_idea\redcell-yolo2-keras-master\RBC_datasets\JPEGImages//BloodImage_00407.jpg 30,168,140,264,0 12,35,109,133,0 25,352,137,452,0 109,318,221,418,0 158,240,273,361,0 248,346,345,441,0 350,292,453,382,0 329,58,451,168,0 170,1,300,101,0 168,110,277,203,0 203,152,293,230,0 388,1,538,76,0 524,221,637,301,0 470,122,553,205,0 511,94,606,201,0
E:\test_idea\redcell-yolo2-keras-master\RBC_datasets\JPEGImages//BloodImage_00408.jpg 64,279,139,415,0 118,120,232,219,0 1,178,92,277,0 213,304,316,404,0 215,391,313,480,0 454,241,557,335,0 308,178,421,273,0 284,47,392,159,0 470,1,574,68,0 391,44,489,139,0 387,136,480,253,0 542,271,626,363,0 9,28,105,135,0 103,1,201,95,0 198,1,285,81,0
E:\test_idea\redcell-yolo2-keras-master\RBC_datasets\JPEGImages//BloodImage_00409.jpg 518,168,611,268,0 426,87,551,198,0 502,298,611,411,0 250,245,371,357,0 58,104,170,215,0 378,258,504,368,0 228,126,320,217,0 169,79,261,170,0 2,1,93,83,0 16,229,121,313,0 7,263,115,367,0 349,127,456,286,0 438,1,563,77,0 227,71,310,150,0
E:\test_idea\redcell-yolo2-keras-master\RBC_datasets\JPEGImages//BloodImage_00410.jpg 233,368,338,452,0 346,385,456,476,0 241,73,351,164,0 250,1,366,85,0 106,315,226,428,0 289,160,394,244,0 350,109,455,193,0 104,20,209,104,0 1,221,108,322,0 582,379,639,480,0 457,372,562,456,0 563,20,640,113,0 304,262,400,387,0
